No of BETA is:  1
 CN                  
 $DEFLCT DELTA1=0.,0.,0.,0.,$                                                   
                      
    0.000    0.000    0.000    0.000    0.000    0.000    0.000    0.000    0.000    0.000    0.000
    0.162    0.163    0.171    0.168    0.119    0.099    0.086    0.081    0.079    0.077    0.077
    0.329    0.330    0.347    0.341    0.244    0.204    0.181    0.174    0.171    0.168    0.165
    0.668    0.673    0.706    0.694    0.514    0.444    0.413    0.386    0.373    0.365    0.359
    0.993    1.003    1.052    1.044    0.812    0.734    0.651    0.611    0.599    0.594    0.584
    1.240    1.249    1.314    1.346    1.124    1.001    0.886    0.851    0.841    0.829    0.824
    1.464    1.471    1.567    1.686    1.464    1.268    1.148    1.118    1.109    1.094    1.089
 CN                  
 $DEFLCT DELTA1=5.,5.,5.,5.,$                                                   
                      
    0.000    0.000    0.000    0.000    0.000    0.000    0.000    0.000    0.000    0.000    0.000
    0.164    0.165    0.174    0.169    0.121    0.100    0.087    0.082    0.081    0.080    0.079
    0.330    0.332    0.349    0.340    0.246    0.205    0.183    0.177    0.175    0.173    0.168
    0.665    0.671    0.704    0.689    0.514    0.445    0.417    0.391    0.379    0.369    0.364
    0.965    0.971    1.024    1.027    0.810    0.735    0.655    0.617    0.606    0.594    0.591
    1.206    1.212    1.280    1.326    1.121    1.001    0.889    0.856    0.848    0.834    0.832
    1.441    1.450    1.549    1.670    1.460    1.265    1.150    1.121    1.108    1.098    1.095
 CN                  
 $DEFLCT DELTA1=10.,10.,10.,10.,$                                               
                      
    0.000    0.000    0.000    0.000    0.000    0.000    0.000    0.000    0.000    0.000    0.000
    0.166    0.167    0.175    0.167    0.122    0.101    0.090    0.087    0.086    0.086    0.084
    0.332    0.335    0.351    0.334    0.248    0.207    0.189    0.185    0.185    0.180    0.177
    0.635    0.638    0.675    0.664    0.513    0.449    0.426    0.405    0.394    0.381    0.379
    0.900    0.900    0.958    0.984    0.804    0.736    0.664    0.632    0.623    0.610    0.612
    1.132    1.134    1.211    1.280    1.114    1.001    0.896    0.868    0.858    0.851    0.849
    1.355    1.371    1.481    1.620    1.450    1.265    1.156    1.131    1.126    1.114    1.111
 CN                  
 $DEFLCT DELTA1=15.,15.,15.,15.,$                                               
                      
    0.000    0.000    0.000    0.000    0.000    0.000    0.000    0.000    0.000    0.000    0.000
    0.157    0.158    0.168    0.152    0.120    0.102    0.094    0.092    0.092    0.085    0.090
    0.305    0.306    0.325    0.307    0.244    0.210    0.196    0.195    0.196    0.188    0.189
    0.574    0.572    0.613    0.619    0.507    0.447    0.435    0.420    0.409    0.401    0.402
    0.823    0.823    0.889    0.932    0.794    0.733    0.673    0.644    0.634    0.636    0.631
    1.028    1.041    1.132    1.221    1.100    0.999    0.905    0.881    0.876    0.873    0.869
    1.247    1.276    1.402    1.557    1.432    1.262    1.165    1.147    1.138    1.135    1.129
 CM                  
 $DEFLCT DELTA1=0.,0.,0.,0.,$                                                   
                      
    0.000    0.000    0.000    0.000    0.000    0.000    0.000    0.000    0.000    0.000    0.000
   -0.083   -0.084   -0.093   -0.096   -0.047   -0.026   -0.010   -0.003    0.000    0.002    0.003
   -0.167   -0.169   -0.188   -0.190   -0.094   -0.051   -0.020   -0.006    0.000    0.003    0.005
   -0.335   -0.340   -0.375   -0.369   -0.186   -0.098   -0.038   -0.015   -0.006    0.000    0.007
   -0.479   -0.488   -0.538   -0.514   -0.258   -0.130   -0.054   -0.024   -0.013   -0.007    0.005
   -0.533   -0.538   -0.599   -0.564   -0.267   -0.128   -0.053   -0.019   -0.007    0.007    0.013
   -0.563   -0.560   -0.636   -0.613   -0.294   -0.150   -0.062   -0.025   -0.014    0.004    0.010
 CM                  
 $DEFLCT DELTA1=5.,5.,5.,5.,$                                                   
                      
    0.000    0.000    0.000    0.000    0.000    0.000    0.000    0.000    0.000    0.000    0.000
   -0.085   -0.087   -0.096   -0.096   -0.050   -0.027   -0.011   -0.005   -0.003   -0.001    0.001
   -0.169   -0.171   -0.190   -0.189   -0.097   -0.053   -0.022   -0.010   -0.005   -0.002    0.002
   -0.332   -0.337   -0.373   -0.363   -0.185   -0.100   -0.043   -0.021   -0.013   -0.006    0.000
   -0.448   -0.453   -0.507   -0.494   -0.255   -0.132   -0.059   -0.031   -0.021   -0.006   -0.002
   -0.496   -0.497   -0.562   -0.540   -0.264   -0.128   -0.056   -0.026   -0.016    0.001    0.003
   -0.538   -0.537   -0.616   -0.595   -0.289   -0.146   -0.064   -0.029   -0.013   -0.001    0.003
 CM                  
 $DEFLCT DELTA1=10.,10.,10.,10.,$                                               
                      
    0.000    0.000    0.000    0.000    0.000    0.000    0.000    0.000    0.000    0.000    0.000
   -0.087   -0.088   -0.097   -0.093   -0.050   -0.028   -0.015   -0.010   -0.009   -0.008   -0.005
   -0.170   -0.174   -0.191   -0.181   -0.099   -0.055   -0.029   -0.019   -0.016   -0.011   -0.009
   -0.298   -0.301   -0.341   -0.333   -0.185   -0.105   -0.054   -0.037   -0.031   -0.019   -0.018
   -0.376   -0.375   -0.435   -0.444   -0.248   -0.133   -0.069   -0.049   -0.041   -0.026   -0.028
   -0.414   -0.412   -0.486   -0.487   -0.254   -0.128   -0.065   -0.040   -0.028   -0.020   -0.017
   -0.442   -0.450   -0.541   -0.536   -0.277   -0.146   -0.071   -0.040   -0.034   -0.020   -0.016
 CM                  
 $DEFLCT DELTA1=15.,15.,15.,15.,$                                               
                      
    0.000    0.000    0.000    0.000    0.000    0.000    0.000    0.000    0.000    0.000    0.000
   -0.077   -0.079   -0.089   -0.077   -0.048   -0.030   -0.020   -0.016   -0.016   -0.007   -0.012
   -0.141   -0.142   -0.163   -0.150   -0.094   -0.058   -0.037   -0.031   -0.030   -0.020   -0.023
   -0.231   -0.228   -0.272   -0.281   -0.177   -0.102   -0.064   -0.055   -0.048   -0.043   -0.045
   -0.291   -0.289   -0.359   -0.382   -0.235   -0.130   -0.080   -0.063   -0.054   -0.056   -0.051
   -0.300   -0.309   -0.399   -0.417   -0.238   -0.125   -0.076   -0.056   -0.049   -0.046   -0.041
   -0.323   -0.346   -0.454   -0.462   -0.256   -0.142   -0.082   -0.059   -0.048   -0.045   -0.038
 CA                  
 $DEFLCT DELTA1=0.,0.,0.,0.,$                                                   
                      
    0.270    0.282    0.392    0.529    0.538    0.350    0.196    0.140    0.113    0.098    0.088
    0.271    0.282    0.393    0.529    0.537    0.350    0.197    0.141    0.114    0.099    0.088
    0.271    0.282    0.393    0.529    0.536    0.351    0.198    0.143    0.117    0.101    0.091
    0.270    0.281    0.391    0.526    0.532    0.353    0.205    0.152    0.126    0.112    0.102
    0.266    0.277    0.388    0.521    0.525    0.357    0.217    0.166    0.142    0.128    0.120
    0.259    0.270    0.380    0.512    0.516    0.362    0.232    0.186    0.164    0.151    0.143
    0.247    0.258    0.367    0.494    0.504    0.368    0.251    0.209    0.190    0.179    0.172
 CA                  
 $DEFLCT DELTA1=5.,5.,5.,5.,$                                                   
                      
    0.283    0.294    0.406    0.549    0.547    0.356    0.200    0.143    0.116    0.100    0.089
    0.283    0.294    0.406    0.549    0.547    0.356    0.200    0.144    0.116    0.101    0.090
    0.283    0.294    0.406    0.549    0.546    0.357    0.202    0.146    0.119    0.104    0.093
    0.282    0.294    0.405    0.546    0.542    0.360    0.210    0.156    0.130    0.115    0.105
    0.277    0.288    0.399    0.540    0.535    0.364    0.222    0.171    0.147    0.132    0.124
    0.267    0.278    0.389    0.528    0.526    0.369    0.237    0.191    0.169    0.155    0.148
    0.252    0.262    0.374    0.509    0.514    0.375    0.256    0.215    0.195    0.184    0.177
 CA                  
 $DEFLCT DELTA1=10.,10.,10.,10.,$                                               
                      
    0.320    0.332    0.445    0.610    0.576    0.375    0.212    0.153    0.124    0.107    0.096
    0.320    0.332    0.446    0.610    0.576    0.375    0.213    0.154    0.125    0.109    0.097
    0.320    0.332    0.446    0.609    0.575    0.376    0.215    0.157    0.129    0.111    0.101
    0.315    0.327    0.441    0.602    0.571    0.380    0.224    0.169    0.142    0.125    0.115
    0.303    0.313    0.428    0.591    0.564    0.384    0.237    0.186    0.161    0.145    0.137
    0.288    0.299    0.415    0.577    0.554    0.389    0.253    0.206    0.183    0.170    0.162
    0.265    0.276    0.394    0.555    0.541    0.395    0.273    0.231    0.212    0.199    0.193
 CA                  
 $DEFLCT DELTA1=15.,15.,15.,15.,$                                               
                      
    0.382    0.395    0.512    0.707    0.625    0.408    0.235    0.173    0.143    0.123    0.111
    0.381    0.393    0.511    0.705    0.624    0.408    0.236    0.174    0.144    0.125    0.113
    0.376    0.388    0.506    0.701    0.623    0.409    0.239    0.178    0.149    0.129    0.117
    0.360    0.371    0.490    0.688    0.617    0.411    0.248    0.191    0.162    0.145    0.135
    0.341    0.351    0.473    0.672    0.608    0.415    0.262    0.208    0.181    0.168    0.157
    0.318    0.331    0.455    0.655    0.597    0.421    0.279    0.230    0.206    0.193    0.184
    0.287    0.303    0.431    0.629    0.583    0.427    0.300    0.258    0.236    0.225    0.216
 CY                  
 $DEFLCT DELTA1=0.,0.,0.,0.,$                                                   
                      
    0.000    0.000    0.000    0.000    0.000    0.000    0.000    0.000    0.000    0.000    0.000
    0.000    0.000    0.000    0.000    0.000    0.000    0.000    0.000    0.000    0.000    0.000
    0.000    0.000    0.000    0.000    0.000    0.000    0.000    0.000    0.000    0.000    0.000
    0.000    0.000    0.000    0.000    0.000    0.000    0.000    0.000    0.000    0.000    0.000
    0.000    0.000    0.000    0.000    0.000    0.000    0.000    0.000    0.000    0.000    0.000
    0.000    0.000    0.000    0.000    0.000    0.000    0.000    0.000    0.000    0.000    0.000
    0.000    0.000    0.000    0.000    0.000    0.000    0.000    0.000    0.000    0.000    0.000
 CY                  
 $DEFLCT DELTA1=5.,5.,5.,5.,$                                                   
                      
    0.000    0.000    0.000    0.000    0.000    0.000    0.000    0.000    0.000    0.000    0.000
    0.000    0.000    0.000    0.000    0.000    0.000    0.000    0.000    0.000    0.000    0.000
    0.000    0.000    0.000    0.000    0.000    0.000    0.000    0.000    0.000    0.000    0.000
    0.000    0.000    0.000    0.000    0.000    0.000    0.000    0.000    0.000    0.000    0.000
   -0.006   -0.006   -0.006   -0.003    0.000    0.001    0.001    0.002    0.002    0.002    0.002
   -0.030   -0.035   -0.033   -0.017   -0.002    0.002    0.004    0.007    0.008    0.006    0.010
   -0.036   -0.038   -0.039   -0.026   -0.005    0.000    0.004    0.008    0.005    0.013    0.012
 CY                  
 $DEFLCT DELTA1=10.,10.,10.,10.,$                                               
                      
    0.000    0.000    0.000    0.000    0.000    0.000    0.000    0.000    0.000    0.000    0.000
    0.000    0.000    0.000    0.000    0.000    0.000    0.000    0.000    0.000    0.000    0.000
    0.000    0.000    0.000    0.000    0.000    0.000    0.000    0.000    0.000    0.000    0.000
   -0.001   -0.001   -0.001   -0.001    0.000    0.000    0.000    0.001    0.001    0.001    0.001
   -0.010   -0.011   -0.011   -0.005   -0.001    0.000    0.002    0.003    0.002    0.004    0.003
   -0.036   -0.037   -0.033   -0.022   -0.004    0.000    0.006    0.008    0.006    0.015    0.012
   -0.074   -0.066   -0.058   -0.039   -0.009    0.000    0.008    0.010    0.013    0.018    0.015
 CY                  
 $DEFLCT DELTA1=15.,15.,15.,15.,$                                               
                      
    0.000    0.000    0.000    0.000    0.000    0.000    0.000    0.000    0.000    0.000    0.000
    0.000    0.000    0.000    0.000    0.000    0.000    0.000    0.000    0.000    0.000    0.000
    0.000    0.000    0.000    0.000    0.000    0.000    0.000    0.000    0.000    0.000    0.000
   -0.003   -0.003   -0.002   -0.001    0.000    0.000    0.000    0.000    0.000    0.001    0.001
   -0.011   -0.010   -0.008   -0.007   -0.001    0.000    0.002    0.002    0.004    0.003    0.003
   -0.055   -0.047   -0.039   -0.027   -0.007    0.002    0.007    0.009    0.017    0.013    0.013
   -0.076   -0.067   -0.061   -0.045   -0.014    0.003    0.012    0.018    0.023    0.019    0.019
 CLN                 
 $DEFLCT DELTA1=0.,0.,0.,0.,$                                                   
                      
    0.000    0.000    0.000    0.000    0.000    0.000    0.000    0.000    0.000    0.000    0.000
    0.000    0.000    0.000    0.000    0.000    0.000    0.000    0.000    0.000    0.000    0.000
    0.000    0.000    0.000    0.000    0.000    0.000    0.000    0.000    0.000    0.000    0.000
    0.000    0.000    0.000    0.000    0.000    0.000    0.000    0.000    0.000    0.000    0.000
    0.000    0.000    0.000    0.000    0.000    0.000    0.000    0.000    0.000    0.000    0.000
    0.000    0.000    0.000    0.000    0.000    0.000    0.000    0.000    0.000    0.000    0.000
    0.000    0.000    0.000    0.000    0.000    0.000    0.000    0.000    0.000    0.000    0.000
 CLN                 
 $DEFLCT DELTA1=5.,5.,5.,5.,$                                                   
                      
    0.000    0.000    0.000    0.000    0.000    0.000    0.000    0.000    0.000    0.000    0.000
    0.000    0.000    0.000    0.000    0.000    0.000    0.000    0.000    0.000    0.000    0.000
    0.000    0.000    0.000    0.000    0.000    0.000    0.000    0.000    0.000    0.000    0.000
    0.000    0.000    0.000    0.000    0.000    0.000    0.000    0.000    0.000    0.000    0.000
    0.006    0.007    0.007    0.004    0.000   -0.001   -0.002   -0.002   -0.002   -0.002   -0.002
    0.033    0.038    0.037    0.020    0.003   -0.002   -0.005   -0.008   -0.010   -0.007   -0.011
    0.039    0.042    0.042    0.030    0.006    0.000   -0.005   -0.009   -0.006   -0.015   -0.014
 CLN                 
 $DEFLCT DELTA1=10.,10.,10.,10.,$                                               
                      
    0.000    0.000    0.000    0.000    0.000    0.000    0.000    0.000    0.000    0.000    0.000
    0.000    0.000    0.000    0.000    0.000    0.000    0.000    0.000    0.000    0.000    0.000
    0.000    0.000    0.000    0.000    0.000    0.000    0.000    0.000    0.000    0.000    0.000
    0.001    0.002    0.001    0.001    0.000    0.000    0.000   -0.001   -0.001   -0.001   -0.001
    0.011    0.013    0.012    0.006    0.001    0.000   -0.002   -0.003   -0.002   -0.004   -0.004
    0.040    0.040    0.037    0.025    0.005    0.000   -0.007   -0.009   -0.007   -0.017   -0.014
    0.082    0.073    0.064    0.046    0.011    0.000   -0.010   -0.011   -0.016   -0.022   -0.018
 CLN                 
 $DEFLCT DELTA1=15.,15.,15.,15.,$                                               
                      
    0.000    0.000    0.000    0.000    0.000    0.000    0.000    0.000    0.000    0.000    0.000
    0.000    0.000    0.000    0.000    0.000    0.000    0.000    0.000    0.000    0.000    0.000
    0.000    0.000    0.000    0.000    0.000    0.000    0.000    0.000    0.000    0.000    0.000
    0.003    0.003    0.003    0.001    0.000    0.000    0.000    0.000    0.000   -0.001   -0.001
    0.012    0.011    0.009    0.008    0.002    0.000   -0.002   -0.002   -0.005   -0.004   -0.004
    0.061    0.052    0.043    0.032    0.009   -0.002   -0.009   -0.011   -0.021   -0.015   -0.016
    0.083    0.074    0.067    0.052    0.016   -0.003   -0.014   -0.022   -0.027   -0.022   -0.023
 CLL                 
 $DEFLCT DELTA1=0.,0.,0.,0.,$                                                   
                      
    0.000    0.000    0.000    0.000    0.000    0.000    0.000    0.000    0.000    0.000    0.000
    0.000    0.000    0.000    0.000    0.000    0.000    0.000    0.000    0.000    0.000    0.000
    0.000    0.000    0.000    0.000    0.000    0.000    0.000    0.000    0.000    0.000    0.000
    0.000    0.000    0.000    0.000    0.000    0.000    0.000    0.000    0.000    0.000    0.000
    0.000    0.000    0.000    0.000    0.000    0.000    0.000    0.000    0.000    0.000    0.000
    0.000    0.000    0.000    0.000    0.000    0.000    0.000    0.000    0.000    0.000    0.000
    0.000    0.000    0.000    0.000    0.000    0.000    0.000    0.000    0.000    0.000    0.000
 CLL                 
 $DEFLCT DELTA1=5.,5.,5.,5.,$                                                   
                      
   -0.095   -0.096   -0.105   -0.159   -0.080   -0.051   -0.030   -0.022   -0.017   -0.014   -0.013
   -0.095   -0.096   -0.106   -0.159   -0.080   -0.052   -0.030   -0.022   -0.018   -0.015   -0.013
   -0.096   -0.098   -0.107   -0.159   -0.082   -0.052   -0.032   -0.024   -0.020   -0.018   -0.015
   -0.097   -0.099   -0.108   -0.156   -0.084   -0.054   -0.036   -0.031   -0.028   -0.025   -0.022
   -0.080   -0.080   -0.091   -0.144   -0.083   -0.057   -0.042   -0.038   -0.036   -0.029   -0.030
   -0.058   -0.056   -0.070   -0.133   -0.081   -0.056   -0.043   -0.041   -0.040   -0.031   -0.035
   -0.037   -0.036   -0.055   -0.122   -0.079   -0.055   -0.045   -0.044   -0.040   -0.039   -0.039
 CLL                 
 $DEFLCT DELTA1=10.,10.,10.,10.,$                                               
                      
   -0.190   -0.193   -0.211   -0.315   -0.162   -0.104   -0.063   -0.048   -0.041   -0.036   -0.030
   -0.190   -0.193   -0.211   -0.315   -0.162   -0.104   -0.064   -0.050   -0.042   -0.038   -0.031
   -0.190   -0.193   -0.211   -0.311   -0.162   -0.105   -0.067   -0.053   -0.046   -0.039   -0.035
   -0.174   -0.176   -0.196   -0.295   -0.162   -0.109   -0.074   -0.064   -0.058   -0.049   -0.047
   -0.140   -0.139   -0.161   -0.272   -0.160   -0.109   -0.081   -0.076   -0.072   -0.061   -0.064
   -0.112   -0.111   -0.138   -0.257   -0.157   -0.109   -0.083   -0.078   -0.073   -0.069   -0.068
   -0.070   -0.073   -0.109   -0.238   -0.153   -0.109   -0.087   -0.083   -0.083   -0.076   -0.076
 CLL                 
 $DEFLCT DELTA1=15.,15.,15.,15.,$                                               
                      
   -0.282   -0.287   -0.312   -0.455   -0.240   -0.156   -0.102   -0.083   -0.075   -0.062   -0.058
   -0.277   -0.281   -0.308   -0.451   -0.239   -0.157   -0.103   -0.085   -0.076   -0.065   -0.059
   -0.266   -0.270   -0.298   -0.441   -0.238   -0.158   -0.105   -0.089   -0.080   -0.068   -0.064
   -0.229   -0.228   -0.259   -0.414   -0.233   -0.157   -0.111   -0.099   -0.089   -0.081   -0.080
   -0.190   -0.189   -0.225   -0.386   -0.227   -0.157   -0.118   -0.106   -0.097   -0.097   -0.092
   -0.149   -0.155   -0.199   -0.368   -0.224   -0.158   -0.121   -0.112   -0.107   -0.103   -0.099
   -0.105   -0.119   -0.171   -0.347   -0.218   -0.159   -0.127   -0.122   -0.115   -0.113   -0.108
 CL                  
 $DEFLCT DELTA1=0.,0.,0.,0.,$                                                   
                      
    0.000    0.000    0.000    0.000    0.000    0.000    0.000    0.000    0.000    0.000    0.000
    0.153    0.153    0.158    0.150    0.100    0.087    0.079    0.076    0.075    0.074    0.074
    0.309    0.310    0.319    0.303    0.206    0.179    0.167    0.163    0.163    0.161    0.159
    0.624    0.627    0.645    0.614    0.435    0.390    0.381    0.361    0.352    0.346    0.341
    0.916    0.923    0.948    0.913    0.685    0.644    0.592    0.563    0.557    0.554    0.547
    1.120    1.126    1.158    1.153    0.938    0.862    0.788    0.767    0.763    0.755    0.752
    1.292    1.294    1.347    1.415    1.203    1.066    0.993    0.979    0.977    0.967    0.965
 CL                  
 $DEFLCT DELTA1=5.,5.,5.,5.,$                                                   
                      
    0.000    0.000    0.000    0.000    0.000    0.000    0.000    0.000    0.000    0.000    0.000
    0.154    0.155    0.159    0.150    0.102    0.087    0.080    0.077    0.077    0.076    0.076
    0.310    0.311    0.320    0.301    0.207    0.180    0.169    0.166    0.166    0.165    0.161
    0.619    0.623    0.641    0.606    0.433    0.391    0.384    0.366    0.357    0.350    0.346
    0.886    0.890    0.919    0.892    0.681    0.644    0.595    0.568    0.562    0.554    0.552
    1.086    1.088    1.124    1.129    0.933    0.861    0.789    0.771    0.768    0.759    0.759
    1.268    1.273    1.328    1.395    1.197    1.061    0.993    0.980    0.975    0.969    0.968
 CL                  
 $DEFLCT DELTA1=10.,10.,10.,10.,$                                               
                      
    0.000    0.000    0.000    0.000    0.000    0.000    0.000    0.000    0.000    0.000    0.000
    0.154    0.155    0.159    0.145    0.102    0.088    0.083    0.081    0.081    0.082    0.080
    0.308    0.311    0.319    0.290    0.207    0.181    0.173    0.173    0.175    0.172    0.170
    0.585    0.587    0.607    0.573    0.429    0.392    0.391    0.377    0.371    0.360    0.360
    0.817    0.816    0.848    0.840    0.669    0.640    0.600    0.580    0.576    0.567    0.570
    1.008    1.008    1.050    1.072    0.918    0.855    0.792    0.777    0.774    0.772    0.771
    1.182    1.193    1.257    1.333    1.177    1.053    0.993    0.983    0.985    0.979    0.978
 CL                  
 $DEFLCT DELTA1=15.,15.,15.,15.,$                                               
                      
    0.000    0.000    0.000    0.000    0.000    0.000    0.000    0.000    0.000    0.000    0.000
    0.143    0.145    0.150    0.128    0.098    0.088    0.086    0.086    0.087    0.080    0.086
    0.278    0.278    0.289    0.258    0.200    0.181    0.179    0.182    0.186    0.178    0.181
    0.518    0.514    0.538    0.517    0.416    0.386    0.396    0.390    0.382    0.377    0.380
    0.734    0.732    0.772    0.772    0.650    0.631    0.603    0.586    0.582    0.587    0.584
    0.901    0.910    0.963    0.993    0.893    0.844    0.793    0.784    0.785    0.786    0.784
    1.073    1.096    1.170    1.248    1.147    1.040    0.993    0.990    0.988    0.990    0.987
 CD                  
 $DEFLCT DELTA1=0.,0.,0.,0.,$                                                   
                      
    0.270    0.282    0.392    0.529    0.538    0.350    0.196    0.140    0.113    0.098    0.088
    0.276    0.287    0.398    0.534    0.541    0.353    0.200    0.144    0.117    0.101    0.091
    0.293    0.304    0.416    0.551    0.552    0.364    0.211    0.155    0.128    0.113    0.103
    0.360    0.372    0.486    0.618    0.598    0.411    0.261    0.204    0.177    0.161    0.151
    0.467    0.480    0.598    0.727    0.683    0.502    0.347    0.290    0.264    0.249    0.238
    0.591    0.604    0.728    0.863    0.806    0.624    0.467    0.413    0.389    0.374    0.365
    0.733    0.745    0.881    1.041    0.975    0.780    0.628    0.579    0.558    0.542    0.534
 CD                  
 $DEFLCT DELTA1=5.,5.,5.,5.,$                                                   
                      
    0.283    0.294    0.406    0.549    0.547    0.356    0.200    0.143    0.116    0.100    0.089
    0.288    0.300    0.412    0.555    0.551    0.359    0.203    0.147    0.119    0.103    0.093
    0.305    0.317    0.429    0.571    0.562    0.370    0.215    0.158    0.131    0.115    0.105
    0.372    0.384    0.499    0.637    0.608    0.418    0.266    0.209    0.181    0.165    0.155
    0.471    0.483    0.603    0.742    0.692    0.509    0.353    0.296    0.270    0.253    0.244
    0.589    0.601    0.727    0.874    0.814    0.631    0.473    0.420    0.396    0.379    0.372
    0.729    0.742    0.881    1.050    0.982    0.785    0.634    0.586    0.562    0.549    0.541
 CD                  
 $DEFLCT DELTA1=10.,10.,10.,10.,$                                               
                      
    0.320    0.332    0.445    0.610    0.576    0.375    0.212    0.153    0.124    0.107    0.096
    0.326    0.338    0.451    0.615    0.580    0.378    0.216    0.157    0.128    0.112    0.100
    0.343    0.355    0.469    0.630    0.591    0.390    0.228    0.169    0.141    0.124    0.113
    0.400    0.412    0.530    0.689    0.637    0.438    0.281    0.223    0.195    0.176    0.166
    0.483    0.494    0.618    0.783    0.719    0.528    0.370    0.314    0.287    0.269    0.261
    0.589    0.600    0.733    0.908    0.839    0.650    0.490    0.437    0.412    0.398    0.389
    0.712    0.728    0.876    1.075    1.004    0.804    0.652    0.604    0.584    0.568    0.561
 CD                  
 $DEFLCT DELTA1=15.,15.,15.,15.,$                                               
                      
    0.382    0.395    0.512    0.707    0.625    0.408    0.235    0.173    0.143    0.123    0.111
    0.386    0.398    0.516    0.710    0.628    0.411    0.239    0.177    0.148    0.128    0.116
    0.397    0.409    0.528    0.721    0.638    0.423    0.252    0.191    0.162    0.141    0.130
    0.437    0.447    0.570    0.767    0.681    0.469    0.306    0.248    0.217    0.199    0.190
    0.505    0.515    0.647    0.851    0.760    0.558    0.396    0.338    0.309    0.297    0.285
    0.589    0.605    0.750    0.966    0.877    0.680    0.517    0.464    0.440    0.426    0.416
    0.697    0.722    0.884    1.123    1.038    0.833    0.680    0.634    0.611    0.600    0.590
 CL/CD               
 $DEFLCT DELTA1=0.,0.,0.,0.,$                                                   
                      
    0.000    0.000    0.000    0.000    0.000    0.000    0.000    0.000    0.000    0.000    0.000
    0.553    0.532    0.396    0.280    0.184    0.246    0.398    0.527    0.639    0.730    0.809
    1.055    1.019    0.767    0.550    0.373    0.492    0.793    1.053    1.269    1.428    1.548
    1.734    1.688    1.327    0.994    0.727    0.949    1.459    1.767    1.986    2.145    2.259
    1.962    1.924    1.586    1.256    1.004    1.283    1.703    1.943    2.111    2.225    2.293
    1.895    1.864    1.591    1.337    1.165    1.382    1.686    1.856    1.961    2.020    2.063
    1.762    1.736    1.529    1.360    1.235    1.367    1.581    1.691    1.752    1.782    1.805
 CL/CD               
 $DEFLCT DELTA1=5.,5.,5.,5.,$                                                   
                      
    0.000    0.000    0.000    0.000    0.000    0.000    0.000    0.000    0.000    0.000    0.000
    0.535    0.517    0.387    0.270    0.185    0.243    0.395    0.527    0.642    0.739    0.813
    1.014    0.981    0.745    0.527    0.369    0.485    0.785    1.049    1.269    1.432    1.542
    1.665    1.623    1.284    0.951    0.712    0.935    1.443    1.750    1.966    2.118    2.240
    1.881    1.841    1.522    1.203    0.984    1.265    1.684    1.919    2.084    2.189    2.266
    1.844    1.811    1.546    1.293    1.146    1.365    1.667    1.836    1.940    2.001    2.043
    1.739    1.714    1.507    1.329    1.218    1.351    1.566    1.674    1.733    1.766    1.789
 CL/CD               
 $DEFLCT DELTA1=10.,10.,10.,10.,$                                               
                      
    0.000    0.000    0.000    0.000    0.000    0.000    0.000    0.000    0.000    0.000    0.000
    0.474    0.460    0.352    0.236    0.175    0.232    0.383    0.519    0.635    0.735    0.803
    0.900    0.877    0.680    0.461    0.350    0.464    0.761    1.023    1.242    1.388    1.504
    1.461    1.423    1.145    0.832    0.674    0.894    1.390    1.689    1.898    2.041    2.162
    1.691    1.651    1.372    1.073    0.931    1.211    1.621    1.849    2.005    2.110    2.184
    1.711    1.680    1.434    1.180    1.094    1.316    1.614    1.778    1.878    1.940    1.981
    1.661    1.639    1.434    1.239    1.173    1.310    1.523    1.629    1.686    1.722    1.743
 CL/CD               
 $DEFLCT DELTA1=15.,15.,15.,15.,$                                               
                      
    0.000    0.000    0.000    0.000    0.000    0.000    0.000    0.000    0.000    0.000    0.000
    0.371    0.363    0.290    0.180    0.156    0.214    0.360    0.484    0.587    0.629    0.738
    0.700    0.681    0.548    0.358    0.313    0.428    0.710    0.953    1.146    1.262    1.387
    1.187    1.152    0.944    0.674    0.610    0.822    1.294    1.572    1.760    1.894    2.002
    1.454    1.421    1.192    0.907    0.856    1.130    1.524    1.737    1.884    1.979    2.051
    1.530    1.504    1.285    1.028    1.017    1.242    1.533    1.689    1.785    1.844    1.885
    1.541    1.518    1.323    1.111    1.104    1.248    1.459    1.560    1.618    1.651    1.674
 X-C.P               
 $DEFLCT DELTA1=0.,0.,0.,0.,$                                                   
                      
   -0.515   -0.517   -0.547   -0.579   -0.401   -0.275   -0.126   -0.042    0.000    0.029    0.050
   -0.512   -0.515   -0.544   -0.567   -0.393   -0.263   -0.117   -0.039   -0.001    0.023    0.039
   -0.509   -0.512   -0.540   -0.556   -0.386   -0.251   -0.110   -0.035   -0.002    0.018    0.030
   -0.501   -0.505   -0.531   -0.531   -0.361   -0.221   -0.093   -0.038   -0.015   -0.001    0.019
   -0.482   -0.486   -0.512   -0.492   -0.317   -0.178   -0.083   -0.039   -0.021   -0.011    0.009
   -0.430   -0.431   -0.456   -0.419   -0.237   -0.128   -0.060   -0.022   -0.009    0.009    0.016
   -0.384   -0.381   -0.406   -0.364   -0.201   -0.118   -0.054   -0.023   -0.013    0.004    0.009
 X-C.P               
 $DEFLCT DELTA1=5.,5.,5.,5.,$                                                   
                      
   -1.101   -1.102   -1.102   -1.171   -1.191   -1.193   -1.194   -1.194   -1.194   -1.194   -1.194
   -0.519   -0.523   -0.551   -0.569   -0.409   -0.269   -0.130   -0.060   -0.032   -0.015    0.011
   -0.512   -0.516   -0.543   -0.556   -0.394   -0.256   -0.121   -0.055   -0.029   -0.012    0.009
   -0.499   -0.503   -0.530   -0.526   -0.361   -0.224   -0.103   -0.053   -0.033   -0.015    0.000
   -0.464   -0.466   -0.496   -0.481   -0.315   -0.180   -0.091   -0.050   -0.034   -0.011   -0.004
   -0.411   -0.410   -0.439   -0.407   -0.235   -0.128   -0.063   -0.030   -0.018    0.001    0.004
   -0.373   -0.370   -0.398   -0.356   -0.198   -0.116   -0.056   -0.026   -0.012   -0.001    0.003
 X-C.P               
 $DEFLCT DELTA1=10.,10.,10.,10.,$                                               
                      
   -1.101   -1.102   -1.102   -1.171   -1.191   -1.193   -1.194   -1.194   -1.194   -1.194   -1.194
   -0.524   -0.528   -0.554   -0.561   -0.414   -0.279   -0.163   -0.116   -0.100   -0.097   -0.058
   -0.514   -0.520   -0.546   -0.543   -0.398   -0.266   -0.153   -0.104   -0.088   -0.059   -0.050
   -0.470   -0.472   -0.505   -0.502   -0.360   -0.233   -0.127   -0.091   -0.079   -0.050   -0.047
   -0.418   -0.416   -0.454   -0.451   -0.308   -0.180   -0.104   -0.078   -0.066   -0.042   -0.046
   -0.366   -0.363   -0.401   -0.380   -0.228   -0.128   -0.073   -0.046   -0.032   -0.023   -0.020
   -0.326   -0.328   -0.366   -0.331   -0.191   -0.115   -0.061   -0.035   -0.030   -0.018   -0.014
 X-C.P               
 $DEFLCT DELTA1=15.,15.,15.,15.,$                                               
                      
   -1.101   -1.102   -1.102   -1.171   -1.191   -1.193   -1.194   -1.194   -1.194   -1.194   -1.194
   -0.490   -0.498   -0.531   -0.504   -0.401   -0.291   -0.209   -0.179   -0.172   -0.083   -0.135
   -0.462   -0.465   -0.503   -0.489   -0.386   -0.278   -0.190   -0.161   -0.155   -0.107   -0.124
   -0.403   -0.399   -0.444   -0.454   -0.349   -0.229   -0.147   -0.132   -0.118   -0.108   -0.113
   -0.354   -0.352   -0.404   -0.410   -0.297   -0.177   -0.119   -0.098   -0.085   -0.089   -0.080
   -0.292   -0.297   -0.352   -0.341   -0.216   -0.126   -0.083   -0.063   -0.056   -0.053   -0.047
   -0.259   -0.271   -0.324   -0.297   -0.179   -0.113   -0.071   -0.052   -0.042   -0.040   -0.034
 CNA                 
 $DEFLCT DELTA1=0.,0.,0.,0.,$                                                   
                      
    0.080    0.080    0.085    0.083    0.058    0.048    0.041    0.037    0.036    0.035    0.036
    0.082    0.083    0.087    0.085    0.061    0.051    0.045    0.043    0.043    0.042    0.041
    0.084    0.085    0.089    0.087    0.065    0.056    0.053    0.050    0.048    0.047    0.046
    0.083    0.084    0.088    0.088    0.071    0.066    0.059    0.055    0.054    0.053    0.052
    0.071    0.072    0.076    0.082    0.076    0.070    0.059    0.058    0.058    0.058    0.058
    0.059    0.058    0.064    0.080    0.082    0.067    0.062    0.063    0.064    0.063    0.063
    0.053    0.053    0.062    0.090    0.089    0.067    0.069    0.071    0.070    0.070    0.070
 CNA                 
 $DEFLCT DELTA1=5.,5.,5.,5.,$                                                   
                      
    0.082    0.082    0.086    0.084    0.060    0.049    0.041    0.038    0.037    0.037    0.037
    0.083    0.083    0.087    0.085    0.062    0.051    0.046    0.044    0.044    0.043    0.042
    0.083    0.084    0.088    0.086    0.065    0.056    0.053    0.050    0.049    0.048    0.047
    0.079    0.080    0.084    0.086    0.071    0.066    0.059    0.055    0.054    0.053    0.053
    0.068    0.068    0.072    0.080    0.076    0.069    0.059    0.058    0.059    0.058    0.058
    0.060    0.060    0.066    0.080    0.081    0.066    0.062    0.063    0.063    0.063    0.063
    0.058    0.059    0.069    0.091    0.088    0.066    0.069    0.069    0.068    0.069    0.068
 CNA                 
 $DEFLCT DELTA1=10.,10.,10.,10.,$                                               
                      
    0.083    0.083    0.087    0.083    0.060    0.049    0.043    0.041    0.040    0.041    0.039
    0.083    0.084    0.088    0.083    0.062    0.052    0.047    0.046    0.046    0.045    0.044
    0.079    0.080    0.084    0.083    0.065    0.057    0.054    0.052    0.051    0.049    0.049
    0.071    0.071    0.076    0.081    0.069    0.066    0.059    0.056    0.055    0.054    0.054
    0.062    0.062    0.067    0.077    0.075    0.069    0.059    0.058    0.058    0.059    0.059
    0.057    0.059    0.065    0.079    0.081    0.066    0.062    0.062    0.063    0.063    0.062
    0.055    0.059    0.069    0.090    0.087    0.066    0.068    0.069    0.071    0.068    0.069
 CNA                 
 $DEFLCT DELTA1=15.,15.,15.,15.,$                                               
                      
    0.080    0.082    0.086    0.075    0.059    0.050    0.045    0.043    0.043    0.038    0.042
    0.076    0.076    0.081    0.077    0.061    0.052    0.049    0.049    0.049    0.047    0.047
    0.071    0.070    0.075    0.078    0.064    0.057    0.055    0.054    0.053    0.052    0.052
    0.065    0.065    0.071    0.078    0.069    0.065    0.060    0.056    0.055    0.056    0.055
    0.057    0.059    0.065    0.075    0.074    0.069    0.059    0.058    0.058    0.059    0.058
    0.053    0.057    0.064    0.078    0.080    0.066    0.062    0.063    0.063    0.062    0.062
    0.056    0.061    0.071    0.090    0.086    0.065    0.069    0.070    0.068    0.068    0.068
 CMA                 
 $DEFLCT DELTA1=0.,0.,0.,0.,$                                                   
                      
   -0.041   -0.042   -0.046   -0.048   -0.023   -0.013   -0.005   -0.002    0.000    0.001    0.002
   -0.042   -0.042   -0.047   -0.047   -0.023   -0.013   -0.005   -0.002    0.000    0.001    0.001
   -0.042   -0.043   -0.047   -0.046   -0.023   -0.012   -0.005   -0.002   -0.001    0.000    0.001
   -0.039   -0.040   -0.044   -0.041   -0.021   -0.010   -0.004   -0.002   -0.002   -0.001    0.000
   -0.025   -0.025   -0.028   -0.024   -0.010   -0.004   -0.002   -0.001    0.000    0.001    0.001
   -0.010   -0.009   -0.012   -0.012   -0.004   -0.002   -0.001    0.000    0.000    0.001    0.001
   -0.005   -0.002   -0.006   -0.012   -0.009   -0.008   -0.004   -0.003   -0.003   -0.003   -0.002
 CMA                 
 $DEFLCT DELTA1=5.,5.,5.,5.,$                                                   
                      
   -0.043   -0.044   -0.048   -0.049   -0.025   -0.014   -0.006   -0.002   -0.001   -0.001    0.000
   -0.042   -0.043   -0.047   -0.047   -0.024   -0.013   -0.005   -0.002   -0.001   -0.001    0.000
   -0.041   -0.042   -0.046   -0.045   -0.023   -0.012   -0.005   -0.003   -0.002   -0.001    0.000
   -0.035   -0.035   -0.040   -0.038   -0.020   -0.010   -0.005   -0.003   -0.002   -0.001   -0.001
   -0.021   -0.020   -0.024   -0.022   -0.010   -0.004   -0.002   -0.001    0.000    0.001    0.000
   -0.011   -0.010   -0.014   -0.013   -0.004   -0.002   -0.001    0.000    0.001    0.001    0.001
   -0.009   -0.009   -0.014   -0.014   -0.009   -0.007   -0.003   -0.002    0.000   -0.002   -0.001
 CMA                 
 $DEFLCT DELTA1=10.,10.,10.,10.,$                                               
                      
   -0.044   -0.045   -0.049   -0.048   -0.026   -0.014   -0.007   -0.005   -0.004   -0.006   -0.003
   -0.043   -0.044   -0.048   -0.045   -0.025   -0.014   -0.007   -0.005   -0.004   -0.003   -0.002
   -0.037   -0.037   -0.042   -0.041   -0.023   -0.013   -0.007   -0.004   -0.004   -0.002   -0.002
   -0.026   -0.025   -0.030   -0.033   -0.019   -0.010   -0.005   -0.004   -0.003   -0.002   -0.002
   -0.014   -0.014   -0.018   -0.019   -0.009   -0.003   -0.001    0.000    0.000    0.000    0.000
   -0.008   -0.009   -0.013   -0.012   -0.004   -0.002    0.000    0.001    0.001    0.001    0.002
   -0.006   -0.010   -0.014   -0.013   -0.008   -0.007   -0.003   -0.001   -0.004   -0.001   -0.001
 CMA                 
 $DEFLCT DELTA1=15.,15.,15.,15.,$                                               
                      
   -0.042   -0.043   -0.048   -0.039   -0.024   -0.015   -0.010   -0.009   -0.008   -0.002   -0.006
   -0.035   -0.036   -0.041   -0.038   -0.024   -0.015   -0.009   -0.008   -0.008   -0.005   -0.006
   -0.027   -0.027   -0.032   -0.035   -0.022   -0.013   -0.008   -0.007   -0.006   -0.006   -0.006
   -0.019   -0.018   -0.024   -0.029   -0.018   -0.009   -0.005   -0.004   -0.003   -0.004   -0.003
   -0.009   -0.010   -0.016   -0.017   -0.008   -0.003   -0.002    0.000    0.000    0.000    0.001
   -0.004   -0.007   -0.012   -0.010   -0.003   -0.002    0.000    0.001    0.001    0.001    0.002
   -0.008   -0.011   -0.016   -0.013   -0.007   -0.007   -0.003   -0.002    0.000   -0.001    0.000
 CYB                 
 $DEFLCT DELTA1=0.,0.,0.,0.,$                                                   
                      
   -0.081   -0.081   -0.085   -0.084   -0.058   -0.049   -0.042   -0.039   -0.038   -0.037   -0.037
   -0.082   -0.082   -0.086   -0.084   -0.060   -0.050   -0.043   -0.041   -0.040   -0.039   -0.039
   -0.083   -0.083   -0.087   -0.085   -0.062   -0.051   -0.046   -0.044   -0.043   -0.043   -0.042
   -0.084   -0.084   -0.088   -0.085   -0.064   -0.056   -0.052   -0.050   -0.048   -0.047   -0.046
   -0.078   -0.078   -0.084   -0.086   -0.069   -0.063   -0.056   -0.054   -0.053   -0.051   -0.051
   -0.072   -0.072   -0.081   -0.093   -0.080   -0.069   -0.060   -0.058   -0.058   -0.057   -0.056
   -0.059   -0.059   -0.071   -0.093   -0.084   -0.069   -0.062   -0.061   -0.061   -0.059   -0.060
 CYB                 
 $DEFLCT DELTA1=5.,5.,5.,5.,$                                                   
                      
   -0.082   -0.083   -0.087   -0.084   -0.060   -0.049   -0.043   -0.040   -0.039   -0.038   -0.038
   -0.082   -0.083   -0.087   -0.084   -0.060   -0.050   -0.044   -0.042   -0.041   -0.041   -0.040
   -0.082   -0.083   -0.087   -0.084   -0.061   -0.051   -0.046   -0.045   -0.044   -0.044   -0.043
   -0.079   -0.080   -0.084   -0.083   -0.064   -0.056   -0.053   -0.050   -0.049   -0.045   -0.047
   -0.073   -0.073   -0.078   -0.083   -0.069   -0.063   -0.056   -0.054   -0.053   -0.052   -0.051
   -0.068   -0.067   -0.076   -0.090   -0.079   -0.069   -0.060   -0.058   -0.058   -0.057   -0.056
   -0.060   -0.061   -0.072   -0.091   -0.083   -0.069   -0.062   -0.060   -0.059   -0.059   -0.058
 CYB                 
 $DEFLCT DELTA1=10.,10.,10.,10.,$                                               
                      
   -0.083   -0.083   -0.087   -0.083   -0.060   -0.050   -0.044   -0.042   -0.041   -0.041   -0.041
   -0.083   -0.084   -0.087   -0.083   -0.061   -0.051   -0.045   -0.044   -0.043   -0.043   -0.042
   -0.080   -0.080   -0.085   -0.081   -0.061   -0.052   -0.048   -0.047   -0.046   -0.043   -0.045
   -0.070   -0.069   -0.074   -0.077   -0.062   -0.056   -0.053   -0.051   -0.050   -0.048   -0.048
   -0.063   -0.062   -0.068   -0.079   -0.067   -0.061   -0.056   -0.053   -0.050   -0.053   -0.052
   -0.066   -0.068   -0.076   -0.087   -0.077   -0.068   -0.059   -0.057   -0.056   -0.057   -0.056
   -0.057   -0.062   -0.074   -0.090   -0.081   -0.068   -0.061   -0.059   -0.058   -0.060   -0.058
 CYB                 
 $DEFLCT DELTA1=15.,15.,15.,15.,$                                               
                      
   -0.080   -0.081   -0.085   -0.075   -0.059   -0.050   -0.046   -0.045   -0.044   -0.040   -0.043
   -0.075   -0.075   -0.080   -0.076   -0.060   -0.051   -0.047   -0.046   -0.046   -0.045   -0.045
   -0.071   -0.071   -0.076   -0.075   -0.061   -0.052   -0.049   -0.049   -0.050   -0.048   -0.048
   -0.061   -0.060   -0.066   -0.075   -0.062   -0.054   -0.053   -0.051   -0.047   -0.051   -0.048
   -0.059   -0.062   -0.070   -0.075   -0.065   -0.062   -0.056   -0.052   -0.055   -0.052   -0.052
   -0.053   -0.060   -0.071   -0.083   -0.076   -0.068   -0.059   -0.057   -0.058   -0.057   -0.056
   -0.055   -0.061   -0.073   -0.086   -0.079   -0.068   -0.061   -0.059   -0.061   -0.059   -0.058
 CLNB                
 $DEFLCT DELTA1=0.,0.,0.,0.,$                                                   
                      
    0.041    0.042    0.047    0.048    0.023    0.013    0.005    0.002    0.000   -0.001   -0.002
    0.042    0.043    0.047    0.048    0.024    0.013    0.005    0.002    0.000   -0.001   -0.001
    0.043    0.043    0.048    0.047    0.024    0.013    0.005    0.002    0.001    0.000   -0.001
    0.042    0.043    0.047    0.045    0.024    0.013    0.006    0.004    0.003    0.002    0.001
    0.035    0.036    0.042    0.042    0.024    0.014    0.008    0.006    0.005    0.004    0.004
    0.028    0.028    0.038    0.047    0.031    0.018    0.011    0.009    0.008    0.007    0.006
    0.015    0.014    0.026    0.044    0.030    0.017    0.011    0.010    0.010    0.007    0.009
 CLNB                
 $DEFLCT DELTA1=5.,5.,5.,5.,$                                                   
                      
    0.043    0.043    0.048    0.048    0.025    0.014    0.006    0.002    0.001    0.001   -0.001
    0.043    0.043    0.048    0.048    0.024    0.013    0.006    0.003    0.001    0.001    0.000
    0.042    0.043    0.047    0.047    0.024    0.013    0.006    0.003    0.002    0.001    0.000
    0.037    0.038    0.043    0.042    0.023    0.013    0.007    0.004    0.003    0.000    0.002
    0.030    0.030    0.035    0.038    0.023    0.014    0.008    0.006    0.005    0.005    0.004
    0.024    0.023    0.032    0.044    0.029    0.017    0.010    0.009    0.008    0.007    0.007
    0.016    0.016    0.027    0.042    0.029    0.017    0.011    0.009    0.007    0.008    0.006
 CLNB                
 $DEFLCT DELTA1=10.,10.,10.,10.,$                                               
                      
    0.044    0.044    0.049    0.047    0.025    0.014    0.007    0.005    0.004    0.004    0.002
    0.043    0.044    0.048    0.046    0.025    0.014    0.007    0.005    0.004    0.003    0.002
    0.039    0.040    0.045    0.043    0.024    0.014    0.007    0.005    0.004    0.001    0.002
    0.027    0.026    0.032    0.035    0.021    0.013    0.007    0.005    0.005    0.003    0.004
    0.019    0.017    0.024    0.035    0.021    0.012    0.007    0.005    0.002    0.006    0.005
    0.022    0.023    0.032    0.040    0.027    0.016    0.009    0.007    0.006    0.008    0.007
    0.013    0.017    0.029    0.041    0.026    0.015    0.010    0.008    0.007    0.008    0.007
 CLNB                
 $DEFLCT DELTA1=15.,15.,15.,15.,$                                               
                      
    0.040    0.042    0.047    0.038    0.024    0.015    0.010    0.008    0.008    0.002    0.006
    0.035    0.035    0.041    0.038    0.024    0.015    0.010    0.008    0.008    0.006    0.006
    0.030    0.029    0.035    0.035    0.023    0.014    0.009    0.008    0.008    0.006    0.007
    0.017    0.016    0.022    0.033    0.020    0.011    0.007    0.005    0.001    0.007    0.004
    0.014    0.017    0.026    0.030    0.019    0.012    0.007    0.004    0.007    0.005    0.004
    0.008    0.015    0.027    0.036    0.025    0.016    0.010    0.007    0.009    0.007    0.006
    0.010    0.016    0.028    0.036    0.025    0.016    0.010    0.008    0.009    0.007    0.006
 CLLB                
 $DEFLCT DELTA1=0.,0.,0.,0.,$                                                   
                      
    0.000    0.000    0.000    0.000    0.000    0.000    0.000    0.000    0.000    0.000    0.000
    0.000    0.000    0.000    0.000    0.000    0.000    0.000    0.000    0.000    0.000    0.000
    0.000    0.000    0.000    0.000    0.000    0.000    0.000    0.000    0.000    0.000    0.000
    0.000    0.000    0.000    0.000    0.000    0.000    0.000    0.000    0.000    0.000    0.000
   -0.003   -0.004   -0.003   -0.003   -0.002   -0.001   -0.001    0.000    0.000   -0.002    0.000
   -0.009   -0.010   -0.011   -0.013   -0.009   -0.005   -0.002   -0.002   -0.001   -0.002   -0.001
   -0.009   -0.010   -0.013   -0.017   -0.011   -0.006   -0.003   -0.002   -0.001   -0.001    0.000
 CLLB                
 $DEFLCT DELTA1=5.,5.,5.,5.,$                                                   
                      
    0.000    0.000    0.000    0.000    0.000    0.000    0.000    0.000    0.000    0.000    0.000
    0.000    0.000    0.000    0.000    0.000    0.000    0.000    0.000    0.000    0.000    0.000
    0.000    0.000    0.000    0.000    0.000    0.000    0.000    0.000    0.000    0.000    0.000
    0.001    0.001    0.001    0.000    0.000    0.000    0.000    0.000    0.000    0.000    0.000
   -0.001   -0.001   -0.002   -0.002   -0.002   -0.001   -0.001    0.000    0.000    0.000    0.000
   -0.008   -0.008   -0.009   -0.011   -0.008   -0.006   -0.003   -0.002   -0.002   -0.001    0.000
   -0.008   -0.008   -0.009   -0.014   -0.010   -0.006   -0.003   -0.003   -0.003   -0.001   -0.001
 CLLB                
 $DEFLCT DELTA1=10.,10.,10.,10.,$                                               
                      
    0.000    0.000    0.000    0.000    0.000    0.000    0.000    0.000    0.000   -0.001    0.000
    0.000    0.000    0.000    0.000    0.000    0.000    0.000    0.000    0.000    0.000    0.000
    0.001    0.001    0.001    0.000    0.000    0.000    0.000    0.000    0.000   -0.001    0.000
    0.001    0.001    0.001    0.000    0.000    0.000    0.000    0.000    0.000    0.000   -0.001
   -0.001   -0.001   -0.001   -0.002   -0.001   -0.001   -0.001   -0.001   -0.001    0.000   -0.001
   -0.005   -0.004   -0.005   -0.010   -0.007   -0.005   -0.003   -0.003   -0.002   -0.002   -0.003
   -0.009   -0.008   -0.009   -0.013   -0.009   -0.005   -0.003   -0.002    0.001   -0.003   -0.002
 CLLB                
 $DEFLCT DELTA1=15.,15.,15.,15.,$                                               
                      
    0.001    0.001    0.001    0.001    0.000    0.000    0.000    0.000    0.000   -0.001    0.000
    0.001    0.001    0.001    0.001    0.000    0.000    0.000    0.000    0.000    0.000    0.000
    0.001    0.001    0.001    0.001    0.000    0.000    0.000    0.000   -0.001    0.000   -0.001
    0.000   -0.001   -0.001    0.000    0.000    0.000    0.000    0.000    0.000    0.000    0.000
   -0.001   -0.001   -0.001   -0.002   -0.002   -0.001   -0.001   -0.001   -0.001   -0.001   -0.001
   -0.003   -0.004   -0.005   -0.008   -0.008   -0.005   -0.003   -0.002   -0.003   -0.003   -0.002
    0.000   -0.001   -0.004   -0.010   -0.009   -0.005   -0.003   -0.001   -0.005   -0.003   -0.003
 CNQ                 
 $DEFLCT DELTA1=0.,0.,0.,0.,$                                                   
                      
    0.150    0.151    0.160    0.161    0.102    0.080    0.064    0.057    0.054    0.052    0.053
    0.151    0.153    0.162    0.161    0.103    0.080    0.065    0.058    0.055    0.054    0.054
    0.152    0.154    0.163    0.159    0.104    0.080    0.066    0.059    0.057    0.057    0.055
    0.151    0.153    0.161    0.154    0.102    0.080    0.068    0.063    0.062    0.063    0.060
    0.117    0.116    0.130    0.138    0.099    0.080    0.070    0.066    0.065    0.057    0.064
    0.092    0.089    0.104    0.127    0.097    0.079    0.070    0.067    0.067    0.064    0.065
    0.078    0.077    0.095    0.118    0.093    0.075    0.069    0.068    0.066    0.063    0.069
 CNQ                 
 $DEFLCT DELTA1=5.,5.,5.,5.,$                                                   
                      
    0.152    0.153    0.162    0.161    0.104    0.081    0.065    0.059    0.056    0.055    0.054
    0.151    0.152    0.161    0.159    0.103    0.081    0.066    0.060    0.057    0.056    0.055
    0.151    0.152    0.161    0.157    0.102    0.080    0.067    0.061    0.059    0.058    0.057
    0.133    0.133    0.145    0.145    0.101    0.080    0.069    0.064    0.062    0.058    0.060
    0.114    0.113    0.124    0.132    0.098    0.079    0.069    0.067    0.066    0.064    0.065
    0.097    0.096    0.111    0.127    0.095    0.077    0.069    0.066    0.062    0.064    0.064
    0.069    0.072    0.092    0.117    0.092    0.077    0.069    0.065    0.066    0.065    0.065
 CNQ                 
 $DEFLCT DELTA1=10.,10.,10.,10.,$                                               
                      
    0.153    0.155    0.163    0.158    0.105    0.082    0.069    0.064    0.062    0.062    0.060
    0.149    0.151    0.160    0.153    0.104    0.082    0.069    0.064    0.062    0.057    0.060
    0.135    0.135    0.147    0.147    0.102    0.082    0.069    0.065    0.063    0.059    0.061
    0.112    0.110    0.122    0.132    0.097    0.078    0.068    0.066    0.065    0.062    0.066
    0.103    0.102    0.116    0.128    0.094    0.075    0.067    0.063    0.056    0.066    0.062
    0.090    0.096    0.112    0.122    0.092    0.075    0.067    0.063    0.064    0.064    0.064
    0.078    0.086    0.104    0.118    0.089    0.074    0.067    0.065    0.061    0.065    0.064
 CNQ                 
 $DEFLCT DELTA1=15.,15.,15.,15.,$                                               
                      
    0.141    0.143    0.153    0.142    0.103    0.084    0.074    0.070    0.069    0.063    0.067
    0.129    0.129    0.140    0.139    0.102    0.083    0.072    0.070    0.070    0.068    0.069
    0.117    0.115    0.127    0.134    0.100    0.079    0.070    0.069    0.067    0.067    0.070
    0.102    0.101    0.115    0.128    0.094    0.077    0.069    0.063    0.060    0.067    0.062
    0.080    0.089    0.108    0.119    0.089    0.076    0.067    0.063    0.069    0.062    0.063
    0.077    0.088    0.107    0.116    0.088    0.075    0.068    0.065    0.064    0.062    0.062
    0.082    0.092    0.107    0.112    0.086    0.075    0.068    0.065    0.065    0.062    0.062
 CMQ                 
 $DEFLCT DELTA1=0.,0.,0.,0.,$                                                   
                      
   -0.133   -0.138   -0.161   -0.205   -0.116   -0.091   -0.072   -0.063   -0.059   -0.057   -0.057
   -0.135   -0.140   -0.163   -0.205   -0.118   -0.091   -0.072   -0.064   -0.061   -0.059   -0.059
   -0.135   -0.141   -0.164   -0.203   -0.119   -0.091   -0.073   -0.066   -0.063   -0.062   -0.060
   -0.133   -0.141   -0.162   -0.197   -0.117   -0.091   -0.076   -0.071   -0.069   -0.069   -0.066
   -0.097   -0.100   -0.128   -0.178   -0.113   -0.090   -0.079   -0.074   -0.073   -0.063   -0.071
   -0.069   -0.070   -0.099   -0.165   -0.110   -0.089   -0.078   -0.075   -0.074   -0.071   -0.072
   -0.054   -0.056   -0.089   -0.155   -0.106   -0.084   -0.077   -0.076   -0.074   -0.070   -0.077
 CMQ                 
 $DEFLCT DELTA1=5.,5.,5.,5.,$                                                   
                      
   -0.135   -0.140   -0.163   -0.205   -0.119   -0.091   -0.073   -0.065   -0.062   -0.061   -0.060
   -0.134   -0.139   -0.162   -0.203   -0.118   -0.091   -0.074   -0.066   -0.063   -0.062   -0.061
   -0.134   -0.140   -0.162   -0.201   -0.117   -0.091   -0.075   -0.068   -0.065   -0.064   -0.063
   -0.115   -0.119   -0.144   -0.187   -0.115   -0.091   -0.077   -0.071   -0.069   -0.064   -0.067
   -0.093   -0.096   -0.121   -0.172   -0.112   -0.089   -0.077   -0.075   -0.074   -0.071   -0.073
   -0.075   -0.078   -0.107   -0.165   -0.109   -0.087   -0.077   -0.073   -0.069   -0.072   -0.071
   -0.044   -0.052   -0.085   -0.153   -0.105   -0.087   -0.077   -0.073   -0.074   -0.073   -0.072
 CMQ                 
 $DEFLCT DELTA1=10.,10.,10.,10.,$                                               
                      
   -0.136   -0.142   -0.165   -0.202   -0.120   -0.093   -0.077   -0.071   -0.069   -0.069   -0.066
   -0.132   -0.139   -0.161   -0.196   -0.119   -0.093   -0.078   -0.071   -0.069   -0.063   -0.067
   -0.116   -0.121   -0.146   -0.188   -0.116   -0.092   -0.078   -0.072   -0.070   -0.066   -0.068
   -0.092   -0.093   -0.119   -0.172   -0.110   -0.088   -0.076   -0.074   -0.072   -0.069   -0.074
   -0.081   -0.085   -0.112   -0.167   -0.107   -0.085   -0.075   -0.070   -0.062   -0.074   -0.069
   -0.067   -0.078   -0.108   -0.160   -0.104   -0.085   -0.075   -0.070   -0.071   -0.071   -0.071
   -0.054   -0.067   -0.099   -0.155   -0.101   -0.084   -0.075   -0.073   -0.068   -0.073   -0.071
 CMQ                 
 $DEFLCT DELTA1=15.,15.,15.,15.,$                                               
                      
   -0.123   -0.129   -0.153   -0.183   -0.118   -0.095   -0.083   -0.079   -0.078   -0.070   -0.075
   -0.110   -0.114   -0.139   -0.179   -0.116   -0.094   -0.081   -0.079   -0.078   -0.076   -0.077
   -0.097   -0.099   -0.124   -0.173   -0.114   -0.089   -0.079   -0.078   -0.075   -0.075   -0.078
   -0.080   -0.083   -0.111   -0.167   -0.107   -0.087   -0.077   -0.070   -0.066   -0.075   -0.069
   -0.056   -0.070   -0.104   -0.156   -0.101   -0.086   -0.075   -0.070   -0.077   -0.069   -0.070
   -0.053   -0.069   -0.102   -0.153   -0.099   -0.085   -0.076   -0.072   -0.071   -0.069   -0.069
   -0.058   -0.073   -0.102   -0.148   -0.098   -0.084   -0.077   -0.072   -0.073   -0.069   -0.069
 CAQ                 
 $DEFLCT DELTA1=0.,0.,0.,0.,$                                                   
                      
    0.000    0.000    0.000    0.000    0.000    0.000    0.000    0.000    0.000    0.000    0.000
    0.000    0.000    0.000    0.000    0.000    0.000    0.000    0.000    0.000    0.000    0.000
    0.000    0.000    0.000    0.000    0.000    0.000    0.000    0.000    0.000    0.000    0.000
    0.000    0.000    0.000    0.000    0.000    0.000    0.000    0.000    0.000    0.000    0.000
    0.000    0.000    0.000    0.000    0.000    0.000    0.000    0.000    0.000    0.000    0.000
    0.000    0.000    0.000    0.000    0.000    0.000    0.000    0.000    0.000    0.000    0.000
    0.000    0.000    0.000    0.000    0.000    0.000    0.000    0.000    0.000    0.000    0.000
 CAQ                 
 $DEFLCT DELTA1=5.,5.,5.,5.,$                                                   
                      
    0.000    0.000    0.000    0.000    0.000    0.000    0.000    0.000    0.000    0.000    0.000
    0.000    0.000    0.000    0.000    0.000    0.000    0.000    0.000    0.000    0.000    0.000
    0.000    0.000    0.000    0.000    0.000    0.000    0.000    0.001    0.001    0.001    0.001
   -0.001   -0.001   -0.001   -0.001    0.000    0.000    0.001    0.001    0.001    0.000    0.001
   -0.003   -0.003   -0.003   -0.002    0.000    0.000    0.000    0.001    0.001    0.001    0.001
   -0.002   -0.002   -0.002   -0.002    0.000    0.000    0.000    0.001    0.000    0.001    0.001
   -0.002   -0.002   -0.002   -0.002    0.000    0.000    0.000    0.000    0.001    0.001    0.001
 CAQ                 
 $DEFLCT DELTA1=10.,10.,10.,10.,$                                               
                      
    0.000    0.000    0.000    0.000    0.000    0.000    0.000    0.000    0.001    0.001    0.001
    0.000    0.000    0.000   -0.001    0.000    0.000    0.001    0.001    0.001    0.000    0.001
   -0.002   -0.002   -0.002   -0.002    0.000    0.001    0.001    0.002    0.002    0.002    0.002
   -0.005   -0.006   -0.005   -0.004    0.000    0.000    0.001    0.003    0.003    0.003    0.004
   -0.007   -0.007   -0.006   -0.004   -0.001    0.000    0.001    0.002    0.001    0.003    0.002
   -0.008   -0.008   -0.006   -0.005   -0.001    0.000    0.001    0.002    0.002    0.002    0.003
   -0.007   -0.006   -0.005   -0.005   -0.001    0.000    0.001    0.002    0.001    0.002    0.002
 CAQ                 
 $DEFLCT DELTA1=15.,15.,15.,15.,$                                               
                      
   -0.003   -0.003   -0.002   -0.002    0.000    0.000    0.001    0.001    0.001    0.002    0.001
   -0.005   -0.006   -0.005   -0.005   -0.001    0.000    0.001    0.002    0.003    0.002    0.003
   -0.008   -0.008   -0.008   -0.007   -0.001    0.000    0.001    0.003    0.003    0.003    0.005
   -0.010   -0.010   -0.009   -0.007   -0.002    0.000    0.002    0.002    0.002    0.005    0.004
   -0.014   -0.012   -0.010   -0.009   -0.002    0.001    0.002    0.003    0.006    0.004    0.004
   -0.015   -0.012   -0.010   -0.009   -0.002    0.000    0.002    0.004    0.004    0.004    0.004
   -0.013   -0.011   -0.009   -0.009   -0.002    0.001    0.003    0.003    0.005    0.004    0.004
 CNAD                
 $DEFLCT DELTA1=0.,0.,0.,0.,$                                                   
                      
    0.067    0.067    0.067    0.067    0.063    0.061    0.060    0.060    0.059    0.060    0.061
    0.067    0.067    0.067    0.067    0.063    0.061    0.060    0.060    0.059    0.060    0.061
    0.067    0.067    0.067    0.067    0.063    0.061    0.060    0.060    0.059    0.060    0.061
    0.067    0.067    0.067    0.067    0.063    0.061    0.060    0.060    0.059    0.060    0.061
    0.067    0.067    0.067    0.067    0.063    0.061    0.060    0.060    0.059    0.060    0.061
    0.067    0.067    0.067    0.067    0.063    0.061    0.060    0.060    0.059    0.060    0.061
    0.067    0.067    0.067    0.067    0.063    0.061    0.060    0.060    0.059    0.060    0.061
 CNAD                
 $DEFLCT DELTA1=5.,5.,5.,5.,$                                                   
                      
    0.067    0.067    0.067    0.067    0.063    0.061    0.060    0.060    0.059    0.060    0.061
    0.067    0.067    0.067    0.067    0.063    0.061    0.060    0.060    0.059    0.060    0.061
    0.067    0.067    0.067    0.067    0.063    0.061    0.060    0.060    0.059    0.060    0.061
    0.067    0.067    0.067    0.067    0.063    0.061    0.060    0.060    0.059    0.060    0.061
    0.067    0.067    0.067    0.067    0.063    0.061    0.060    0.060    0.059    0.060    0.061
    0.067    0.067    0.067    0.067    0.063    0.061    0.060    0.060    0.059    0.060    0.061
    0.067    0.067    0.067    0.067    0.063    0.061    0.060    0.060    0.059    0.060    0.061
 CNAD                
 $DEFLCT DELTA1=10.,10.,10.,10.,$                                               
                      
    0.067    0.067    0.067    0.067    0.063    0.061    0.060    0.060    0.059    0.060    0.061
    0.067    0.067    0.067    0.067    0.063    0.061    0.060    0.060    0.059    0.060    0.061
    0.067    0.067    0.067    0.067    0.063    0.061    0.060    0.060    0.059    0.060    0.061
    0.067    0.067    0.067    0.067    0.063    0.061    0.060    0.060    0.059    0.060    0.061
    0.067    0.067    0.067    0.067    0.063    0.061    0.060    0.060    0.059    0.060    0.061
    0.067    0.067    0.067    0.067    0.063    0.061    0.060    0.060    0.059    0.060    0.061
    0.067    0.067    0.067    0.067    0.063    0.061    0.060    0.060    0.059    0.060    0.061
 CNAD                
 $DEFLCT DELTA1=15.,15.,15.,15.,$                                               
                      
    0.067    0.067    0.067    0.067    0.063    0.061    0.060    0.060    0.059    0.060    0.061
    0.067    0.067    0.067    0.067    0.063    0.061    0.060    0.060    0.059    0.060    0.061
    0.067    0.067    0.067    0.067    0.063    0.061    0.060    0.060    0.059    0.060    0.061
    0.067    0.067    0.067    0.067    0.063    0.061    0.060    0.060    0.059    0.060    0.061
    0.067    0.067    0.067    0.067    0.063    0.061    0.060    0.060    0.059    0.060    0.061
    0.067    0.067    0.067    0.067    0.063    0.061    0.060    0.060    0.059    0.060    0.061
    0.067    0.067    0.067    0.067    0.063    0.061    0.060    0.060    0.059    0.060    0.061
 CMAD                
 $DEFLCT DELTA1=0.,0.,0.,0.,$                                                   
                      
   -0.019   -0.021   -0.024   -0.035   -0.027   -0.027   -0.027   -0.026   -0.026   -0.026   -0.027
   -0.019   -0.021   -0.024   -0.035   -0.027   -0.027   -0.027   -0.026   -0.026   -0.026   -0.027
   -0.019   -0.021   -0.024   -0.035   -0.027   -0.027   -0.027   -0.026   -0.026   -0.026   -0.027
   -0.019   -0.021   -0.024   -0.035   -0.027   -0.027   -0.027   -0.026   -0.026   -0.026   -0.027
   -0.019   -0.021   -0.024   -0.035   -0.027   -0.027   -0.027   -0.026   -0.026   -0.026   -0.027
   -0.019   -0.021   -0.024   -0.035   -0.027   -0.027   -0.027   -0.026   -0.026   -0.026   -0.027
   -0.019   -0.021   -0.024   -0.035   -0.027   -0.027   -0.027   -0.026   -0.026   -0.026   -0.027
 CMAD                
 $DEFLCT DELTA1=5.,5.,5.,5.,$                                                   
                      
   -0.019   -0.021   -0.024   -0.035   -0.027   -0.027   -0.027   -0.026   -0.026   -0.026   -0.027
   -0.019   -0.021   -0.024   -0.035   -0.027   -0.027   -0.027   -0.026   -0.026   -0.026   -0.027
   -0.019   -0.021   -0.024   -0.035   -0.027   -0.027   -0.027   -0.026   -0.026   -0.026   -0.027
   -0.019   -0.021   -0.024   -0.035   -0.027   -0.027   -0.027   -0.026   -0.026   -0.026   -0.027
   -0.019   -0.021   -0.024   -0.035   -0.027   -0.027   -0.027   -0.026   -0.026   -0.026   -0.027
   -0.019   -0.021   -0.024   -0.035   -0.027   -0.027   -0.027   -0.026   -0.026   -0.026   -0.027
   -0.019   -0.021   -0.024   -0.035   -0.027   -0.027   -0.027   -0.026   -0.026   -0.026   -0.027
 CMAD                
 $DEFLCT DELTA1=10.,10.,10.,10.,$                                               
                      
   -0.019   -0.021   -0.024   -0.035   -0.027   -0.027   -0.027   -0.026   -0.026   -0.026   -0.027
   -0.019   -0.021   -0.024   -0.035   -0.027   -0.027   -0.027   -0.026   -0.026   -0.026   -0.027
   -0.019   -0.021   -0.024   -0.035   -0.027   -0.027   -0.027   -0.026   -0.026   -0.026   -0.027
   -0.019   -0.021   -0.024   -0.035   -0.027   -0.027   -0.027   -0.026   -0.026   -0.026   -0.027
   -0.019   -0.021   -0.024   -0.035   -0.027   -0.027   -0.027   -0.026   -0.026   -0.026   -0.027
   -0.019   -0.021   -0.024   -0.035   -0.027   -0.027   -0.027   -0.026   -0.026   -0.026   -0.027
   -0.019   -0.021   -0.024   -0.035   -0.027   -0.027   -0.027   -0.026   -0.026   -0.026   -0.027
 CMAD                
 $DEFLCT DELTA1=15.,15.,15.,15.,$                                               
                      
   -0.019   -0.021   -0.024   -0.035   -0.027   -0.027   -0.027   -0.026   -0.026   -0.026   -0.027
   -0.019   -0.021   -0.024   -0.035   -0.027   -0.027   -0.027   -0.026   -0.026   -0.026   -0.027
   -0.019   -0.021   -0.024   -0.035   -0.027   -0.027   -0.027   -0.026   -0.026   -0.026   -0.027
   -0.019   -0.021   -0.024   -0.035   -0.027   -0.027   -0.027   -0.026   -0.026   -0.026   -0.027
   -0.019   -0.021   -0.024   -0.035   -0.027   -0.027   -0.027   -0.026   -0.026   -0.026   -0.027
   -0.019   -0.021   -0.024   -0.035   -0.027   -0.027   -0.027   -0.026   -0.026   -0.026   -0.027
   -0.019   -0.021   -0.024   -0.035   -0.027   -0.027   -0.027   -0.026   -0.026   -0.026   -0.027
 CYR                 
 $DEFLCT DELTA1=0.,0.,0.,0.,$                                                   
                      
    0.150    0.151    0.160    0.162    0.103    0.081    0.066    0.059    0.056    0.055    0.054
    0.151    0.152    0.161    0.161    0.103    0.081    0.066    0.059    0.057    0.055    0.055
    0.152    0.153    0.162    0.161    0.104    0.081    0.066    0.060    0.058    0.057    0.056
    0.152    0.154    0.162    0.156    0.104    0.081    0.068    0.064    0.062    0.062    0.060
    0.132    0.133    0.144    0.145    0.101    0.080    0.070    0.067    0.066    0.062    0.064
    0.107    0.106    0.119    0.134    0.099    0.080    0.070    0.068    0.067    0.064    0.065
    0.084    0.082    0.100    0.124    0.096    0.077    0.070    0.069    0.068    0.066    0.069
 CYR                 
 $DEFLCT DELTA1=5.,5.,5.,5.,$                                                   
                      
    0.152    0.153    0.163    0.162    0.105    0.082    0.067    0.061    0.059    0.057    0.056
    0.152    0.153    0.162    0.161    0.105    0.082    0.067    0.061    0.059    0.058    0.056
    0.151    0.153    0.161    0.159    0.103    0.081    0.067    0.062    0.060    0.059    0.058
    0.141    0.142    0.152    0.150    0.102    0.081    0.069    0.065    0.063    0.060    0.061
    0.121    0.120    0.131    0.138    0.100    0.080    0.070    0.067    0.067    0.063    0.065
    0.112    0.113    0.126    0.134    0.097    0.078    0.069    0.066    0.063    0.065    0.064
    0.082    0.086    0.106    0.124    0.094    0.077    0.070    0.066    0.067    0.063    0.065
 CYR                 
 $DEFLCT DELTA1=10.,10.,10.,10.,$                                               
                      
    0.154    0.155    0.164    0.159    0.106    0.083    0.070    0.066    0.064    0.064    0.062
    0.151    0.153    0.162    0.157    0.105    0.083    0.070    0.066    0.064    0.062    0.062
    0.143    0.144    0.155    0.151    0.104    0.083    0.071    0.066    0.065    0.061    0.062
    0.120    0.118    0.130    0.138    0.099    0.080    0.070    0.067    0.066    0.063    0.065
    0.106    0.105    0.118    0.130    0.095    0.077    0.069    0.066    0.063    0.066    0.065
    0.090    0.095    0.111    0.124    0.094    0.078    0.068    0.065    0.069    0.064    0.065
    0.090    0.094    0.108    0.121    0.091    0.076    0.068    0.068    0.067    0.065    0.067
 CYR                 
 $DEFLCT DELTA1=15.,15.,15.,15.,$                                               
                      
    0.142    0.143    0.154    0.143    0.104    0.085    0.075    0.072    0.072    0.065    0.069
    0.137    0.138    0.148    0.141    0.103    0.084    0.074    0.072    0.072    0.066    0.070
    0.125    0.124    0.135    0.138    0.102    0.082    0.073    0.071    0.070    0.069    0.070
    0.105    0.103    0.116    0.131    0.097    0.078    0.070    0.067    0.063    0.069    0.066
    0.088    0.094    0.111    0.123    0.091    0.077    0.069    0.065    0.066    0.066    0.064
    0.088    0.095    0.112    0.120    0.089    0.076    0.069    0.067    0.061    0.066    0.063
    0.087    0.096    0.112    0.116    0.088    0.075    0.070    0.066    0.062    0.065    0.063
 CLNR                
 $DEFLCT DELTA1=0.,0.,0.,0.,$                                                   
                      
   -0.133   -0.138   -0.161   -0.205   -0.117   -0.092   -0.073   -0.065   -0.062   -0.060   -0.059
   -0.133   -0.139   -0.161   -0.205   -0.118   -0.092   -0.073   -0.066   -0.062   -0.061   -0.060
   -0.134   -0.140   -0.163   -0.204   -0.119   -0.092   -0.074   -0.067   -0.064   -0.063   -0.061
   -0.134   -0.141   -0.162   -0.198   -0.118   -0.091   -0.076   -0.071   -0.069   -0.069   -0.066
   -0.112   -0.117   -0.142   -0.185   -0.115   -0.091   -0.079   -0.074   -0.073   -0.068   -0.071
   -0.085   -0.088   -0.115   -0.172   -0.112   -0.090   -0.079   -0.076   -0.075   -0.071   -0.072
   -0.059   -0.061   -0.094   -0.161   -0.109   -0.087   -0.078   -0.077   -0.076   -0.073   -0.076
 CLNR                
 $DEFLCT DELTA1=5.,5.,5.,5.,$                                                   
                      
   -0.135   -0.140   -0.163   -0.205   -0.120   -0.093   -0.075   -0.067   -0.065   -0.063   -0.062
   -0.134   -0.140   -0.162   -0.204   -0.119   -0.092   -0.075   -0.068   -0.065   -0.064   -0.062
   -0.134   -0.140   -0.162   -0.202   -0.118   -0.092   -0.075   -0.069   -0.066   -0.065   -0.063
   -0.123   -0.128   -0.152   -0.192   -0.116   -0.091   -0.077   -0.072   -0.070   -0.066   -0.067
   -0.100   -0.103   -0.128   -0.177   -0.114   -0.090   -0.078   -0.075   -0.074   -0.069   -0.072
   -0.090   -0.096   -0.123   -0.172   -0.111   -0.087   -0.077   -0.074   -0.069   -0.072   -0.071
   -0.057   -0.067   -0.101   -0.161   -0.108   -0.087   -0.078   -0.074   -0.074   -0.070   -0.072
 CLNR                
 $DEFLCT DELTA1=10.,10.,10.,10.,$                                               
                      
   -0.136   -0.142   -0.165   -0.202   -0.121   -0.094   -0.079   -0.073   -0.072   -0.071   -0.068
   -0.134   -0.140   -0.163   -0.199   -0.120   -0.094   -0.079   -0.073   -0.072   -0.068   -0.068
   -0.125   -0.131   -0.154   -0.193   -0.119   -0.093   -0.079   -0.074   -0.072   -0.068   -0.069
   -0.099   -0.102   -0.127   -0.177   -0.113   -0.090   -0.078   -0.075   -0.073   -0.070   -0.073
   -0.084   -0.088   -0.114   -0.168   -0.109   -0.087   -0.077   -0.073   -0.069   -0.073   -0.072
   -0.067   -0.076   -0.106   -0.161   -0.106   -0.088   -0.076   -0.073   -0.077   -0.071   -0.072
   -0.066   -0.075   -0.103   -0.158   -0.104   -0.086   -0.076   -0.076   -0.075   -0.072   -0.074
 CLNR                
 $DEFLCT DELTA1=15.,15.,15.,15.,$                                               
                      
   -0.123   -0.129   -0.153   -0.183   -0.119   -0.096   -0.085   -0.081   -0.080   -0.073   -0.077
   -0.118   -0.123   -0.148   -0.181   -0.118   -0.095   -0.084   -0.081   -0.081   -0.073   -0.078
   -0.105   -0.108   -0.133   -0.177   -0.116   -0.093   -0.082   -0.080   -0.079   -0.077   -0.078
   -0.082   -0.085   -0.112   -0.169   -0.110   -0.088   -0.079   -0.074   -0.070   -0.077   -0.074
   -0.064   -0.075   -0.106   -0.160   -0.104   -0.087   -0.077   -0.072   -0.073   -0.074   -0.071
   -0.064   -0.077   -0.107   -0.156   -0.101   -0.085   -0.077   -0.074   -0.067   -0.073   -0.070
   -0.063   -0.077   -0.107   -0.151   -0.100   -0.085   -0.078   -0.073   -0.069   -0.073   -0.070
 CLLR                
 $DEFLCT DELTA1=0.,0.,0.,0.,$                                                   
                      
    0.000    0.000    0.000    0.000    0.000    0.000    0.000    0.000    0.000    0.000    0.000
    0.000    0.000    0.000    0.000    0.000    0.000    0.000    0.000    0.000    0.000    0.000
    0.000    0.000    0.000    0.000    0.000    0.000    0.000    0.000    0.000    0.000    0.000
    0.000    0.000    0.000    0.000    0.000    0.000    0.000    0.000    0.000    0.000    0.000
    0.003    0.003    0.003    0.002    0.000    0.000   -0.001   -0.001   -0.001    0.000   -0.001
    0.011    0.013    0.013    0.009    0.002   -0.001   -0.002   -0.003   -0.003   -0.002   -0.003
    0.013    0.014    0.015    0.013    0.004    0.001   -0.001   -0.003   -0.004   -0.005   -0.006
 CLLR                
 $DEFLCT DELTA1=5.,5.,5.,5.,$                                                   
                      
   -0.001   -0.001   -0.001    0.000   -0.001    0.000   -0.001   -0.001   -0.001   -0.002   -0.001
   -0.001   -0.001    0.000    0.000   -0.001    0.000   -0.001   -0.001   -0.001   -0.001   -0.001
    0.000    0.000    0.000    0.000    0.000    0.000   -0.001   -0.001   -0.001   -0.001   -0.001
    0.005    0.006    0.005    0.003    0.001    0.000    0.000   -0.001   -0.001    0.001   -0.001
    0.006    0.006    0.006    0.004    0.001    0.000    0.000   -0.001   -0.001   -0.002   -0.002
    0.007    0.007    0.006    0.005    0.002    0.001    0.000   -0.001    0.001   -0.006   -0.002
    0.013    0.011    0.011    0.010    0.004    0.001   -0.001    0.000   -0.002   -0.003   -0.002
 CLLR                
 $DEFLCT DELTA1=10.,10.,10.,10.,$                                               
                      
    0.000    0.000    0.000    0.001    0.000   -0.001   -0.002   -0.002   -0.002   -0.002   -0.002
    0.001    0.000    0.000    0.002    0.000   -0.001   -0.001   -0.002   -0.002    0.000   -0.002
    0.004    0.004    0.004    0.003    0.000   -0.001   -0.001   -0.002   -0.002   -0.002   -0.002
    0.005    0.005    0.005    0.003    0.001    0.001    0.000   -0.001   -0.001   -0.001   -0.003
    0.002    0.001    0.000    0.001    0.001    0.001    0.000    0.002    0.004   -0.002    0.002
    0.007    0.003    0.001    0.004    0.003    0.001    0.000    0.001   -0.002   -0.001    0.000
    0.008    0.004    0.002    0.005    0.004    0.001   -0.001   -0.001   -0.001   -0.001    0.000
 CLLR                
 $DEFLCT DELTA1=15.,15.,15.,15.,$                                               
                      
    0.006    0.007    0.006    0.006    0.001   -0.001   -0.001   -0.002   -0.002   -0.004   -0.002
    0.005    0.005    0.005    0.005    0.001    0.000   -0.001   -0.002   -0.003   -0.001   -0.003
    0.004    0.004    0.004    0.003    0.001    0.001    0.000   -0.002   -0.001   -0.002   -0.003
    0.000    0.000   -0.001    0.001    0.001   -0.001   -0.001    0.001   -0.001   -0.001    0.001
    0.007    0.004    0.003    0.002    0.001    0.000    0.000   -0.001   -0.006    0.001   -0.001
    0.005    0.003    0.003    0.003    0.004    0.000   -0.001   -0.003   -0.003    0.001   -0.001
   -0.004   -0.003    0.000    0.004    0.004    0.000   -0.002   -0.003   -0.002    0.001   -0.001
 CYP                 
 $DEFLCT DELTA1=0.,0.,0.,0.,$                                                   
                      
    0.000    0.000    0.000    0.000    0.000    0.000    0.000    0.000    0.000    0.000    0.000
    0.000    0.000    0.000    0.000    0.000    0.000    0.000    0.000    0.000    0.000    0.000
    0.000    0.000    0.000    0.000    0.000    0.000    0.000    0.000    0.000    0.000    0.000
    0.000    0.000    0.000    0.000    0.000    0.000    0.000    0.000    0.000    0.000    0.000
   -0.003   -0.004   -0.003   -0.002    0.000    0.000    0.000    0.000    0.000   -0.001    0.000
   -0.010   -0.012   -0.012   -0.006   -0.001    0.000    0.001    0.002    0.002    0.001    0.002
   -0.013   -0.015   -0.016   -0.010   -0.002   -0.001    0.001    0.002    0.003    0.002    0.004
 CYP                 
 $DEFLCT DELTA1=5.,5.,5.,5.,$                                                   
                      
    0.000    0.000    0.000    0.000    0.000    0.000    0.000    0.000    0.000    0.000    0.000
    0.000    0.000    0.000    0.000    0.000    0.000    0.000    0.000    0.000    0.000    0.000
    0.000    0.000    0.000    0.000    0.000    0.000    0.000    0.000    0.000    0.000    0.000
    0.000   -0.001    0.000    0.000    0.000    0.000    0.000    0.000    0.000    0.000    0.000
   -0.002   -0.002   -0.002   -0.001    0.000    0.000    0.000    0.000    0.001    0.000    0.001
   -0.005   -0.005   -0.004   -0.003   -0.001   -0.001    0.000    0.001    0.000    0.002    0.002
   -0.012   -0.010   -0.008   -0.006   -0.002   -0.001    0.001    0.000    0.001    0.001    0.001
 CYP                 
 $DEFLCT DELTA1=10.,10.,10.,10.,$                                               
                      
    0.000    0.000    0.000    0.000    0.000    0.000    0.000    0.000    0.000    0.000    0.000
    0.000    0.000    0.000    0.000    0.000    0.000    0.000    0.000    0.000    0.000    0.000
    0.000    0.000    0.000    0.000    0.000    0.000    0.000    0.000    0.000    0.000    0.000
    0.000   -0.001    0.000    0.000    0.000    0.000    0.000    0.000    0.000    0.000    0.000
    0.001    0.001    0.001    0.000    0.000    0.000    0.000    0.000   -0.001    0.000   -0.001
   -0.006   -0.003   -0.002   -0.003   -0.001    0.000    0.000   -0.001    0.002    0.000   -0.001
   -0.008   -0.006   -0.005   -0.004   -0.002    0.000    0.001    0.001    0.003    0.000    0.001
 CYP                 
 $DEFLCT DELTA1=15.,15.,15.,15.,$                                               
                      
    0.000    0.000    0.000    0.000    0.000    0.000    0.000    0.000    0.000    0.000    0.000
    0.000    0.000    0.000    0.000    0.000    0.000    0.000    0.000    0.000    0.000    0.000
    0.000    0.000    0.000    0.000    0.000    0.000    0.000    0.000    0.000    0.000    0.000
    0.000    0.000    0.000    0.000    0.000    0.000    0.000    0.000    0.000    0.000    0.000
   -0.003   -0.002   -0.002   -0.001   -0.001    0.000    0.000    0.000    0.001    0.000    0.000
    0.000    0.000   -0.001   -0.001   -0.002    0.000    0.000    0.002   -0.001   -0.001    0.000
    0.007    0.005    0.002   -0.002   -0.002    0.000    0.001    0.002   -0.001    0.000    0.000
 CLNP                
 $DEFLCT DELTA1=0.,0.,0.,0.,$                                                   
                      
    0.000    0.000    0.000    0.000    0.000    0.000    0.000    0.000    0.000    0.000    0.000
    0.000    0.000    0.000    0.000    0.000    0.000    0.000    0.000    0.000    0.000    0.000
    0.000    0.000    0.000    0.000    0.000    0.000    0.000    0.000    0.000    0.000    0.000
    0.000    0.000    0.000    0.000    0.000    0.000    0.000    0.000    0.000    0.000    0.000
    0.004    0.005    0.004    0.002    0.000    0.000    0.000   -0.001   -0.001    0.001   -0.001
    0.011    0.013    0.014    0.007    0.001   -0.001   -0.001   -0.002   -0.002   -0.001   -0.002
    0.015    0.016    0.017    0.012    0.003    0.001   -0.001   -0.003   -0.004   -0.002   -0.005
 CLNP                
 $DEFLCT DELTA1=5.,5.,5.,5.,$                                                   
                      
    0.000    0.000    0.000    0.000    0.000    0.000    0.000    0.000    0.000    0.000    0.000
    0.000    0.000    0.000    0.000    0.000    0.000    0.000    0.000    0.000    0.000    0.000
    0.000    0.000    0.000    0.000    0.000    0.000    0.000    0.000    0.000    0.000    0.000
    0.000    0.001    0.001    0.000    0.000    0.000    0.000    0.000    0.000    0.000    0.000
    0.002    0.002    0.002    0.001    0.000    0.000    0.000    0.000   -0.001    0.000   -0.001
    0.005    0.005    0.005    0.003    0.001    0.001    0.000   -0.001    0.000   -0.003   -0.002
    0.013    0.011    0.009    0.007    0.003    0.001   -0.001    0.000   -0.001   -0.001   -0.002
 CLNP                
 $DEFLCT DELTA1=10.,10.,10.,10.,$                                               
                      
    0.000    0.000    0.000    0.000    0.000    0.000    0.000    0.000    0.000    0.000    0.000
    0.000    0.000    0.000    0.000    0.000    0.000    0.000    0.000    0.000    0.000    0.000
    0.000    0.000    0.000    0.000    0.000    0.000    0.000    0.000    0.000    0.000    0.000
    0.001    0.001    0.001    0.000    0.000    0.000    0.000    0.000    0.000    0.000    0.000
   -0.001   -0.001   -0.002    0.000    0.000    0.000    0.000    0.000    0.001   -0.001    0.001
    0.007    0.004    0.002    0.003    0.001    0.000    0.000    0.001   -0.003    0.000    0.001
    0.009    0.007    0.006    0.005    0.002    0.000   -0.001   -0.002   -0.004    0.000   -0.001
 CLNP                
 $DEFLCT DELTA1=15.,15.,15.,15.,$                                               
                      
    0.000    0.000    0.000    0.000    0.000    0.000    0.000    0.000    0.000    0.000    0.000
    0.000    0.000    0.000    0.000    0.000    0.000    0.000    0.000    0.000    0.000    0.000
    0.000    0.000    0.000    0.000    0.000    0.000    0.000    0.000    0.000    0.000    0.000
    0.000    0.000    0.000    0.000    0.000    0.000    0.000    0.000    0.000    0.000    0.000
    0.003    0.002    0.002    0.001    0.001    0.000    0.000    0.000   -0.001    0.001    0.000
    0.000    0.000    0.001    0.001    0.003    0.000    0.000   -0.002    0.001    0.001    0.000
   -0.008   -0.006   -0.003    0.002    0.003    0.000   -0.001   -0.002    0.002    0.000    0.000
 CLLP                
 $DEFLCT DELTA1=0.,0.,0.,0.,$                                                   
                      
   -0.034   -0.035   -0.038   -0.047   -0.023   -0.015   -0.009   -0.006   -0.005   -0.004   -0.003
   -0.034   -0.035   -0.039   -0.047   -0.023   -0.015   -0.009   -0.006   -0.005   -0.004   -0.004
   -0.035   -0.036   -0.039   -0.047   -0.024   -0.015   -0.009   -0.007   -0.006   -0.005   -0.004
   -0.035   -0.036   -0.039   -0.046   -0.024   -0.016   -0.010   -0.009   -0.008   -0.007   -0.006
   -0.029   -0.029   -0.033   -0.042   -0.023   -0.016   -0.012   -0.010   -0.010   -0.008   -0.008
   -0.020   -0.020   -0.025   -0.038   -0.023   -0.016   -0.012   -0.011   -0.011   -0.010   -0.009
   -0.012   -0.011   -0.017   -0.033   -0.022   -0.015   -0.012   -0.012   -0.012   -0.010   -0.012
 CLLP                
 $DEFLCT DELTA1=5.,5.,5.,5.,$                                                   
                      
   -0.036   -0.037   -0.040   -0.049   -0.025   -0.016   -0.010   -0.007   -0.006   -0.006   -0.004
   -0.036   -0.037   -0.040   -0.049   -0.025   -0.016   -0.010   -0.008   -0.006   -0.006   -0.005
   -0.036   -0.036   -0.040   -0.048   -0.025   -0.016   -0.010   -0.008   -0.007   -0.006   -0.005
   -0.031   -0.031   -0.036   -0.044   -0.024   -0.016   -0.011   -0.010   -0.009   -0.005   -0.007
   -0.025   -0.025   -0.029   -0.040   -0.024   -0.017   -0.012   -0.011   -0.011   -0.009   -0.009
   -0.021   -0.020   -0.025   -0.038   -0.023   -0.016   -0.012   -0.011   -0.010   -0.011   -0.010
   -0.012   -0.013   -0.019   -0.034   -0.022   -0.016   -0.013   -0.011   -0.011   -0.010   -0.010
 CLLP                
 $DEFLCT DELTA1=10.,10.,10.,10.,$                                               
                      
   -0.037   -0.038   -0.042   -0.050   -0.026   -0.017   -0.012   -0.010   -0.009   -0.010   -0.008
   -0.037   -0.038   -0.042   -0.048   -0.026   -0.017   -0.012   -0.010   -0.010   -0.007   -0.008
   -0.033   -0.034   -0.038   -0.046   -0.026   -0.017   -0.012   -0.011   -0.010   -0.007   -0.008
   -0.026   -0.025   -0.030   -0.040   -0.024   -0.016   -0.012   -0.011   -0.011   -0.009   -0.010
   -0.021   -0.020   -0.025   -0.039   -0.023   -0.015   -0.012   -0.011   -0.007   -0.011   -0.009
   -0.017   -0.018   -0.024   -0.037   -0.022   -0.016   -0.012   -0.011   -0.011   -0.011   -0.010
   -0.013   -0.016   -0.023   -0.035   -0.021   -0.015   -0.012   -0.012   -0.011   -0.011   -0.010
 CLLP                
 $DEFLCT DELTA1=15.,15.,15.,15.,$                                               
                      
   -0.034   -0.035   -0.039   -0.043   -0.026   -0.018   -0.015   -0.014   -0.013   -0.009   -0.011
   -0.032   -0.032   -0.036   -0.043   -0.026   -0.019   -0.014   -0.013   -0.013   -0.010   -0.011
   -0.028   -0.028   -0.032   -0.041   -0.025   -0.017   -0.013   -0.014   -0.014   -0.012   -0.013
   -0.022   -0.021   -0.026   -0.040   -0.024   -0.016   -0.013   -0.011   -0.008   -0.013   -0.009
   -0.015   -0.018   -0.025   -0.036   -0.022   -0.016   -0.012   -0.011   -0.014   -0.010   -0.010
   -0.012   -0.016   -0.023   -0.035   -0.021   -0.016   -0.013   -0.012   -0.012   -0.011   -0.010
   -0.013   -0.017   -0.023   -0.034   -0.021   -0.016   -0.014   -0.012   -0.013   -0.011   -0.010
