6	6	9
0	4	8	12	16	20
3	4	5	6	7	8	
0.	10000.	20000.	30000.	40000.	50000.	60000.	70000.	77000.	

CA-A0.0 


0.255	0.189	0.154	0.136	0.123	0.115
0.255	0.191	0.156	0.138	0.127	0.119
0.259	0.198	0.165	0.150	0.138	0.132
0.264	0.209	0.180	0.166	0.157	0.153
0.270	0.223	0.199	0.190	0.183	0.180
0.278	0.239	0.222	0.217	0.214	0.214

									
CA-A0000.0 
										
0.255	0.189	0.156	0.138	0.125	0.117
0.255	0.191	0.159	0.141	0.129	0.121
0.259	0.198	0.169	0.152	0.141	0.133
0.264	0.209	0.182	0.168	0.160	0.154
0.270	0.223	0.202	0.191	0.186	0.181
0.278	0.239	0.225	0.220	0.216	0.215


CA-A20000.0 
											
0.259	0.196	0.163	0.143	0.131	0.121
0.260	0.197	0.165	0.147	0.134	0.125
0.262	0.204	0.174	0.157	0.146	0.138
0.267	0.214	0.188	0.173	0.164	0.159
0.275	0.228	0.208	0.196	0.189	0.187
0.282	0.245	0.231	0.225	0.220	0.219

											
CA-A30000.0 
											
0.271	0.206	0.172	0.152	0.138	0.129
0.272	0.207	0.175	0.156	0.142	0.133
0.276	0.214	0.183	0.166	0.154	0.146
0.279	0.224	0.198	0.182	0.173	0.166
0.286	0.238	0.216	0.205	0.197	0.193
0.293	0.254	0.240	0.233	0.228	0.227


CA-A40000.0 
											
0.292	0.223	0.188	0.167	0.152	0.144
0.293	0.225	0.191	0.171	0.156	0.147
0.295	0.231	0.199	0.181	0.168	0.159
0.300	0.241	0.213	0.197	0.187	0.180
0.305	0.254	0.232	0.220	0.211	0.206
0.312	0.270	0.254	0.246	0.242	0.240

											
CA-A50000.0
											
0.322	0.249	0.213	0.191	0.177	0.167
0.323	0.250	0.216	0.195	0.180	0.171
0.324	0.256	0.224	0.205	0.191	0.183
0.328	0.266	0.237	0.221	0.210	0.202
0.334	0.278	0.255	0.243	0.234	0.228
0.339	0.294	0.277	0.269	0.264	0.261

											
CA-A60000.0 
											
0.366	0.287	0.252	0.230	0.215	0.205
0.366	0.289	0.254	0.233	0.218	0.209
0.368	0.295	0.262	0.243	0.229	0.221
0.371	0.303	0.275	0.258	0.246	0.240
0.374	0.315	0.291	0.279	0.270	0.265
0.379	0.329	0.312	0.304	0.298	0.298


CA-A70000.0 
											
0.439	0.354	0.320	0.300	0.287	0.281
0.439	0.355	0.323	0.303	0.291	0.284
0.440	0.360	0.330	0.312	0.301	0.296
0.442	0.368	0.341	0.327	0.317	0.313
0.443	0.377	0.357	0.346	0.339	0.338
0.447	0.390	0.375	0.370	0.366	0.368


CA-A77000.0 


0.541	0.450	0.422	0.409	0.402	0.403
0.541	0.451	0.424	0.411	0.404	0.407
0.541	0.456	0.430	0.419	0.415	0.418
0.542	0.461	0.440	0.431	0.429	0.433
0.542	0.469	0.455	0.449	0.449	0.455
0.542	0.479	0.470	0.470	0.474	0.483


											

