6	6	4								
0	4	8	12	16	20					
3	4	5	6	7	8
0	5	10	15							
 def_0.0 
    0.000    0.000    0.000    0.000    0.000    0.000   
    0.000    0.000    0.000    0.000    0.000    0.000   
    0.000    0.000    0.000    0.000    0.000    0.000   
    0.000    0.000    0.000    0.000    0.000    0.000   
    0.000    0.000    0.000    0.000    0.000    0.000   
    0.000    0.000    0.000    0.000    0.000    0.000   
 def_5.0 
   -0.053   -0.038   -0.031   -0.025   -0.022   -0.019
   -0.054   -0.040   -0.032   -0.028   -0.024   -0.022
   -0.056   -0.043   -0.037   -0.033   -0.031   -0.029
   -0.058   -0.044   -0.040   -0.037   -0.035   -0.034
   -0.057   -0.045   -0.042   -0.040   -0.039   -0.039
   -0.056   -0.046   -0.043   -0.042   -0.041   -0.039
 def_10.0 
   -0.106   -0.079   -0.064   -0.055   -0.049   -0.045
   -0.108   -0.081   -0.067   -0.059   -0.053   -0.049
   -0.112   -0.085   -0.074   -0.068   -0.064   -0.061
   -0.112   -0.086   -0.078   -0.073   -0.070   -0.068
   -0.111   -0.088   -0.081   -0.078   -0.075   -0.071
   -0.111   -0.091   -0.085   -0.081   -0.080   -0.078
 def_15.0 
   -0.161   -0.122   -0.104   -0.092   -0.084   -0.079
   -0.162   -0.122   -0.106   -0.096   -0.089   -0.084
   -0.160   -0.125   -0.111   -0.102   -0.097   -0.091
   -0.160   -0.127   -0.114   -0.107   -0.102   -0.096
   -0.161   -0.131   -0.119   -0.113   -0.109   -0.106
   -0.161   -0.136   -0.126   -0.121   -0.119   -0.116
