Alpha: 0.,4.,8.,12.,16.,20.
Mach: 3.,4.,5.,6.,7.,8.

 CMA                  

0.000	0.000	0.000	0.000	0.000	0.000
-0.045	-0.036	-0.034	-0.035	-0.035	-0.030
-0.102	-0.086	-0.079	-0.073	-0.071	-0.066
-0.165	-0.143	-0.130	-0.120	-0.111	-0.107
-0.243	-0.214	-0.189	-0.175	-0.162	-0.164
-0.338	-0.292	-0.251	-0.242	-0.218	-0.226

 CNA                  
0.000	0.000	0.000	0.000	0.000	0.000
0.203	0.188	0.177	0.168	0.161	0.150
0.442	0.445	0.400	0.386	0.364	0.349
0.729	0.680	0.637	0.604	0.582	0.561
1.021	0.967	0.874	0.824	0.799	0.756
1.294	1.237	1.100	1.034	1.001	0.936

 CMQA                 
  -0.147   -0.124   -0.115   -0.111   -0.112   -0.113
   -0.147   -0.125   -0.117   -0.115   -0.118   -0.119
   -0.146   -0.128   -0.122   -0.122   -0.125   -0.127
   -0.143   -0.129   -0.124   -0.124   -0.128   -0.131
   -0.141   -0.127   -0.125   -0.127   -0.131   -0.134
   -0.138   -0.125   -0.123   -0.127   -0.133   -0.137


 CNQA                 
    0.099    0.085    0.079    0.077    0.078    0.078
    0.100    0.085    0.080    0.079    0.081    0.082
    0.099    0.087    0.083    0.083    0.086    0.087
    0.097    0.088    0.084    0.085    0.088    0.089
    0.096    0.086    0.085    0.087    0.089    0.092
    0.094    0.085    0.084    0.087    0.091    0.093

 CMD                  
0.000	0.000	0.000	0.000	0.000	0.000
-0.074	-0.058	-0.050	-0.046	-0.043	-0.042
-0.154	-0.121	-0.103	-0.093	-0.088	-0.085
-0.232	-0.185	-0.162	-0.151	-0.146	-0.144
-0.309	-0.249	-0.218	-0.206	-0.207	-0.207
-0.386	-0.315	-0.273	-0.262	-0.263	-0.264

 CND                  
0.000	0.000	0.000	0.000	0.000	0.000
0.050	0.039	0.033	0.030	0.028	0.027
0.102	0.082	0.071	0.066	0.061	0.060
0.154	0.122	0.107	0.101	0.097	0.095
0.206	0.161	0.139	0.129	0.125	0.124
0.254	0.197	0.169	0.152	0.146	0.147

 CLLPA                
   -0.016   -0.012   -0.009   -0.007   -0.006   -0.006
   -0.016   -0.012   -0.010   -0.008   -0.007   -0.006
   -0.017   -0.013   -0.011   -0.010   -0.009   -0.008
   -0.016   -0.013   -0.012   -0.011   -0.010   -0.010
   -0.016   -0.014   -0.012   -0.012   -0.011   -0.011
   -0.016   -0.013   -0.013   -0.013   -0.013   -0.012

 CAD                  
0.252	0.188	0.153	0.134	0.122	0.114
0.257	0.192	0.155	0.136	0.124	0.117
0.272	0.203	0.165	0.145	0.132	0.123
0.299	0.222	0.182	0.159	0.146	0.137
0.337	0.251	0.209	0.185	0.170	0.160
0.391	0.293	0.247	0.221	0.207	0.197