No of BETA is:  1
 CN                  
 $DEFLCT DELTA1=0.,0.,0.,0.,$                                                   
                      
    0.000    0.000    0.000    0.000    0.000    0.000    0.000    0.000    0.000    0.000    0.000
    0.240    0.241    0.248    0.261    0.249    0.211    0.145    0.123    0.114    0.109    0.106
    0.520    0.523    0.537    0.576    0.531    0.452    0.322    0.289    0.277    0.265    0.253
    1.203    1.211    1.243    1.354    1.189    1.040    0.817    0.710    0.658    0.628    0.611
    1.724    1.738    1.775    1.927    1.800    1.668    1.288    1.144    1.099    1.076    1.057
    2.355    2.381    2.435    2.714    2.602    2.378    1.819    1.682    1.642    1.613    1.581
    3.075    3.115    3.227    3.735    3.567    3.094    2.466    2.340    2.298    2.264    2.223
 CN                  
 $DEFLCT DELTA1=5.,5.,5.,5.,$                                                   
                      
    0.000    0.000    0.000    0.000    0.000    0.000    0.000    0.000    0.000    0.000    0.000
    0.247    0.248    0.254    0.267    0.250    0.211    0.146    0.124    0.116    0.111    0.108
    0.527    0.530    0.544    0.585    0.532    0.452    0.324    0.292    0.281    0.269    0.256
    1.206    1.215    1.247    1.358    1.190    1.042    0.822    0.716    0.665    0.634    0.618
    1.714    1.726    1.766    1.924    1.799    1.670    1.293    1.151    1.106    1.077    1.064
    2.341    2.364    2.420    2.710    2.599    2.378    1.823    1.689    1.651    1.619    1.592
    3.058    3.098    3.212    3.728    3.562    3.092    2.469    2.345    2.299    2.270    2.232
 CN                  
 $DEFLCT DELTA1=10.,10.,10.,10.,$                                               
                      
    0.000    0.000    0.000    0.000    0.000    0.000    0.000    0.000    0.000    0.000    0.000
    0.253    0.255    0.259    0.262    0.247    0.210    0.147    0.128    0.120    0.116    0.111
    0.539    0.543    0.554    0.582    0.529    0.450    0.329    0.300    0.290    0.276    0.266
    1.196    1.204    1.239    1.359    1.192    1.049    0.834    0.732    0.683    0.646    0.634
    1.691    1.699    1.742    1.905    1.796    1.671    1.302    1.168    1.126    1.095    1.087
    2.310    2.331    2.394    2.678    2.590    2.378    1.832    1.703    1.665    1.640    1.616
    3.007    3.049    3.169    3.695    3.549    3.091    2.477    2.358    2.322    2.292    2.256
 CN                  
 $DEFLCT DELTA1=15.,15.,15.,15.,$                                               
                      
    0.000    0.000    0.000    0.000    0.000    0.000    0.000    0.000    0.000    0.000    0.000
    0.250    0.252    0.253    0.245    0.242    0.207    0.150    0.132    0.125    0.114    0.116
    0.530    0.532    0.541    0.552    0.518    0.447    0.334    0.309    0.302    0.285    0.279
    1.168    1.172    1.211    1.345    1.191    1.051    0.845    0.752    0.700    0.669    0.660
    1.666    1.673    1.722    1.881    1.789    1.670    1.312    1.181    1.137    1.123    1.105
    2.270    2.297    2.367    2.623    2.571    2.374    1.841    1.719    1.685    1.667    1.642
    2.943    2.995    3.127    3.628    3.526    3.086    2.489    2.379    2.339    2.321    2.286
 CM                  
 $DEFLCT DELTA1=0.,0.,0.,0.,$                                                   
                      
    0.000    0.000    0.000    0.000    0.000    0.000    0.000    0.000    0.000    0.000    0.000
   -0.070   -0.070   -0.057   -0.045   -0.210   -0.190   -0.046   -0.003    0.023    0.039    0.050
   -0.254   -0.255   -0.231   -0.249   -0.487   -0.434   -0.133   -0.054   -0.009    0.024    0.050
   -0.998   -1.006   -0.965   -1.095   -1.182   -1.021   -0.426   -0.244   -0.140   -0.076   -0.042
   -1.130   -1.125   -1.019   -1.026   -1.325   -1.198   -0.523   -0.336   -0.233   -0.173   -0.148
   -1.963   -1.992   -1.837   -1.853   -1.838   -1.762   -0.790   -0.595   -0.496   -0.446   -0.343
   -3.170   -3.241   -3.067   -3.167   -2.727   -2.388   -1.230   -1.045   -0.936   -0.884   -0.749
 CM                  
 $DEFLCT DELTA1=5.,5.,5.,5.,$                                                   
                      
    0.000    0.000    0.000    0.000    0.000    0.000    0.000    0.000    0.000    0.000    0.000
   -0.086   -0.086   -0.071   -0.064   -0.198   -0.186   -0.043    0.000    0.026    0.043    0.053
   -0.273   -0.274   -0.250   -0.283   -0.475   -0.427   -0.129   -0.050   -0.004    0.029    0.053
   -1.024   -1.029   -0.989   -1.139   -1.188   -1.023   -0.425   -0.242   -0.137   -0.076   -0.040
   -1.221   -1.225   -1.112   -1.107   -1.334   -1.196   -0.519   -0.331   -0.229   -0.177   -0.144
   -2.059   -2.096   -1.937   -1.948   -1.841   -1.761   -0.788   -0.592   -0.494   -0.443   -0.348
   -3.212   -3.273   -3.094   -3.230   -2.732   -2.394   -1.231   -1.047   -0.944   -0.888   -0.755
 CM                  
 $DEFLCT DELTA1=10.,10.,10.,10.,$                                               
                      
    0.000    0.000    0.000    0.000    0.000    0.000    0.000    0.000    0.000    0.000    0.000
   -0.105   -0.104   -0.082   -0.058   -0.185   -0.175   -0.035    0.008    0.035    0.053    0.061
   -0.311   -0.310   -0.279   -0.308   -0.454   -0.411   -0.118   -0.040    0.007    0.036    0.057
   -1.126   -1.137   -1.092   -1.279   -1.202   -1.028   -0.422   -0.238   -0.130   -0.069   -0.030
   -1.429   -1.444   -1.322   -1.268   -1.359   -1.198   -0.511   -0.319   -0.219   -0.167   -0.127
   -2.281   -2.323   -2.148   -2.076   -1.850   -1.762   -0.782   -0.590   -0.498   -0.441   -0.362
   -3.411   -3.445   -3.240   -3.378   -2.742   -2.394   -1.231   -1.051   -0.949   -0.895   -0.771
 CM                  
 $DEFLCT DELTA1=15.,15.,15.,15.,$                                               
                      
    0.000    0.000    0.000    0.000    0.000    0.000    0.000    0.000    0.000    0.000    0.000
   -0.134   -0.131   -0.095   -0.069   -0.176   -0.158   -0.023    0.020    0.046    0.054    0.073
   -0.398   -0.402   -0.346   -0.335   -0.435   -0.384   -0.101   -0.025    0.020    0.043    0.063
   -1.296   -1.316   -1.268   -1.470   -1.234   -1.048   -0.424   -0.235   -0.125   -0.061   -0.019
   -1.679   -1.696   -1.556   -1.461   -1.392   -1.207   -0.503   -0.313   -0.211   -0.148   -0.108
   -2.597   -2.613   -2.404   -2.194   -1.858   -1.758   -0.773   -0.585   -0.488   -0.437   -0.364
   -3.657   -3.667   -3.439   -3.470   -2.752   -2.392   -1.227   -1.049   -0.955   -0.906   -0.799
 CA                  
 $DEFLCT DELTA1=0.,0.,0.,0.,$                                                   
                      
    0.316    0.324    0.422    0.655    0.638    0.434    0.263    0.198    0.166    0.147    0.134
    0.316    0.324    0.422    0.655    0.638    0.434    0.263    0.199    0.167    0.147    0.135
    0.313    0.321    0.419    0.655    0.636    0.434    0.265    0.201    0.169    0.150    0.138
    0.295    0.303    0.402    0.652    0.631    0.436    0.272    0.209    0.178    0.160    0.148
    0.293    0.302    0.401    0.646    0.623    0.439    0.282    0.223    0.194    0.176    0.165
    0.289    0.297    0.397    0.631    0.612    0.443    0.296    0.242    0.214    0.198    0.188
    0.271    0.278    0.375    0.600    0.598    0.448    0.314    0.264    0.240    0.225    0.216
 CA                  
 $DEFLCT DELTA1=5.,5.,5.,5.,$                                                   
                      
    0.326    0.334    0.433    0.675    0.647    0.440    0.267    0.201    0.168    0.148    0.136
    0.326    0.334    0.433    0.675    0.647    0.440    0.267    0.202    0.169    0.149    0.137
    0.324    0.332    0.430    0.675    0.646    0.441    0.269    0.204    0.172    0.152    0.140
    0.308    0.316    0.416    0.672    0.641    0.443    0.276    0.213    0.182    0.163    0.151
    0.302    0.311    0.410    0.664    0.633    0.446    0.287    0.228    0.198    0.180    0.169
    0.296    0.304    0.404    0.648    0.622    0.450    0.302    0.247    0.220    0.203    0.193
    0.276    0.283    0.383    0.616    0.608    0.455    0.319    0.270    0.245    0.231    0.222
 CA                  
 $DEFLCT DELTA1=10.,10.,10.,10.,$                                               
                      
    0.356    0.364    0.463    0.736    0.677    0.459    0.279    0.211    0.176    0.156    0.142
    0.356    0.364    0.464    0.736    0.676    0.459    0.279    0.212    0.178    0.158    0.143
    0.356    0.364    0.464    0.735    0.675    0.460    0.282    0.215    0.181    0.160    0.147
    0.341    0.350    0.452    0.728    0.670    0.463    0.290    0.226    0.194    0.173    0.161
    0.327    0.335    0.438    0.715    0.662    0.466    0.303    0.243    0.213    0.193    0.182
    0.318    0.325    0.429    0.697    0.650    0.470    0.318    0.262    0.234    0.217    0.207
    0.290    0.298    0.405    0.661    0.635    0.475    0.336    0.286    0.262    0.246    0.237
 CA                  
 $DEFLCT DELTA1=15.,15.,15.,15.,$                                               
                      
    0.406    0.415    0.517    0.833    0.725    0.492    0.302    0.231    0.195    0.172    0.158
    0.406    0.415    0.518    0.832    0.725    0.492    0.303    0.232    0.197    0.174    0.159
    0.407    0.416    0.519    0.827    0.723    0.493    0.305    0.236    0.201    0.177    0.164
    0.387    0.395    0.502    0.813    0.716    0.494    0.314    0.249    0.214    0.193    0.181
    0.367    0.374    0.483    0.796    0.706    0.497    0.327    0.265    0.233    0.216    0.203
    0.349    0.359    0.472    0.774    0.694    0.502    0.343    0.286    0.257    0.240    0.229
    0.316    0.330    0.447    0.735    0.677    0.507    0.363    0.312    0.286    0.271    0.261
 CY                  
 $DEFLCT DELTA1=0.,0.,0.,0.,$                                                   
                      
    0.000    0.000    0.000    0.000    0.000    0.000    0.000    0.000    0.000    0.000    0.000
    0.000    0.000    0.000    0.000    0.000    0.000    0.000    0.000    0.000    0.000    0.000
    0.000    0.000    0.000    0.000    0.000    0.000    0.000    0.000    0.000    0.000    0.000
    0.000    0.000    0.000    0.000    0.000    0.000    0.000    0.000    0.000    0.000    0.000
    0.000    0.000    0.000    0.000    0.000    0.000    0.000    0.000    0.000    0.000    0.000
    0.000    0.000    0.000    0.000    0.000    0.000    0.000    0.000    0.000    0.000    0.000
    0.000    0.000    0.000    0.000    0.000    0.000    0.000    0.000    0.000    0.000    0.000
 CY                  
 $DEFLCT DELTA1=5.,5.,5.,5.,$                                                   
                      
    0.000    0.000    0.000    0.000    0.000    0.000    0.000    0.000    0.000    0.000    0.000
    0.003    0.003    0.003    0.006    0.002    0.002    0.001    0.000    0.000    0.000    0.000
    0.015    0.015    0.016    0.030    0.012    0.008    0.003    0.003    0.002    0.002    0.002
    0.043    0.044    0.047    0.072    0.030    0.017    0.007    0.005    0.005    0.004    0.004
    0.044    0.043    0.049    0.099    0.052    0.033    0.015    0.012    0.011    0.009    0.009
    0.018    0.012    0.025    0.097    0.059    0.037    0.018    0.017    0.016    0.011    0.019
   -0.002   -0.005    0.011    0.079    0.048    0.028    0.015    0.014    0.007    0.015    0.014
 CY                  
 $DEFLCT DELTA1=10.,10.,10.,10.,$                                               
                      
    0.000    0.000    0.000    0.000    0.000    0.000    0.000    0.000    0.000    0.000    0.000
    0.008    0.008    0.008    0.015    0.005    0.004    0.001    0.001    0.001    0.001    0.000
    0.033    0.033    0.036    0.067    0.024    0.017    0.007    0.005    0.005    0.005    0.006
    0.079    0.080    0.087    0.138    0.058    0.036    0.014    0.011    0.010    0.009    0.010
    0.082    0.079    0.092    0.212    0.103    0.063    0.028    0.023    0.019    0.019    0.019
    0.067    0.066    0.091    0.235    0.117    0.068    0.033    0.026    0.017    0.025    0.029
   -0.011    0.002    0.045    0.176    0.097    0.057    0.030    0.021    0.019    0.021    0.018
 CY                  
 $DEFLCT DELTA1=15.,15.,15.,15.,$                                               
                      
    0.000    0.000    0.000    0.000    0.000    0.000    0.000    0.000    0.000    0.000    0.000
    0.014    0.014    0.015    0.026    0.009    0.006    0.002    0.002    0.001    0.001    0.001
    0.052    0.053    0.057    0.101    0.036    0.025    0.011    0.009    0.008    0.008    0.011
    0.110    0.110    0.121    0.206    0.087    0.053    0.022    0.017    0.015    0.015    0.016
    0.123    0.123    0.145    0.331    0.149    0.094    0.041    0.032    0.030    0.028    0.028
    0.089    0.104    0.147    0.377    0.171    0.104    0.047    0.036    0.039    0.029    0.038
    0.028    0.052    0.106    0.300    0.143    0.090    0.045    0.038    0.034    0.023    0.026
 CLN                 
 $DEFLCT DELTA1=0.,0.,0.,0.,$                                                   
                      
    0.000    0.000    0.000    0.000    0.000    0.000    0.000    0.000    0.000    0.000    0.000
    0.000    0.000    0.000    0.000    0.000    0.000    0.000    0.000    0.000    0.000    0.000
    0.000    0.000    0.000    0.000    0.000    0.000    0.000    0.000    0.000    0.000    0.000
    0.000    0.000    0.000    0.000    0.000    0.000    0.000    0.000    0.000    0.000    0.000
    0.000    0.000    0.000    0.000    0.000    0.000    0.000    0.000    0.000    0.000    0.000
    0.000    0.000    0.000    0.000    0.000    0.000    0.000    0.000    0.000    0.000    0.000
    0.000    0.000    0.000    0.000    0.000    0.000    0.000    0.000    0.000    0.000    0.000
 CLN                 
 $DEFLCT DELTA1=5.,5.,5.,5.,$                                                   
                      
    0.000    0.000    0.000    0.000    0.000    0.000    0.000    0.000    0.000    0.000    0.000
   -0.012   -0.012   -0.013   -0.025   -0.009   -0.007   -0.003   -0.002   -0.001   -0.001   -0.001
   -0.057   -0.057   -0.062   -0.116   -0.048   -0.033   -0.014   -0.010   -0.009   -0.009   -0.008
   -0.165   -0.169   -0.179   -0.278   -0.117   -0.068   -0.027   -0.020   -0.019   -0.017   -0.016
   -0.192   -0.192   -0.211   -0.400   -0.207   -0.126   -0.052   -0.040   -0.035   -0.029   -0.029
   -0.207   -0.203   -0.244   -0.470   -0.243   -0.136   -0.051   -0.031   -0.021   -0.012   -0.030
   -0.154   -0.153   -0.217   -0.446   -0.218   -0.110   -0.038   -0.016   -0.002    0.005    0.003
 CLN                 
 $DEFLCT DELTA1=10.,10.,10.,10.,$                                               
                      
    0.000    0.000    0.000    0.000    0.000    0.000    0.000    0.000    0.000    0.000    0.000
   -0.029   -0.029   -0.031   -0.058   -0.020   -0.014   -0.006   -0.004   -0.003   -0.002   -0.002
   -0.124   -0.126   -0.136   -0.257   -0.096   -0.065   -0.028   -0.021   -0.019   -0.018   -0.024
   -0.307   -0.310   -0.335   -0.534   -0.228   -0.140   -0.056   -0.042   -0.039   -0.034   -0.036
   -0.357   -0.352   -0.394   -0.842   -0.407   -0.248   -0.103   -0.081   -0.070   -0.059   -0.058
   -0.416   -0.415   -0.492   -1.024   -0.484   -0.268   -0.101   -0.061   -0.041   -0.028   -0.058
   -0.294   -0.309   -0.432   -0.894   -0.433   -0.223   -0.076   -0.033   -0.009    0.007    0.007
 CLN                 
 $DEFLCT DELTA1=15.,15.,15.,15.,$                                               
                      
    0.000    0.000    0.000    0.000    0.000    0.000    0.000    0.000    0.000    0.000    0.000
   -0.054   -0.054   -0.057   -0.100   -0.033   -0.023   -0.010   -0.007   -0.005   -0.004   -0.002
   -0.198   -0.201   -0.216   -0.391   -0.141   -0.097   -0.043   -0.035   -0.033   -0.032   -0.042
   -0.426   -0.427   -0.467   -0.800   -0.342   -0.210   -0.087   -0.068   -0.061   -0.058   -0.062
   -0.515   -0.511   -0.584   -1.309   -0.591   -0.367   -0.156   -0.119   -0.099   -0.097   -0.096
   -0.588   -0.608   -0.734   -1.601   -0.713   -0.401   -0.152   -0.094   -0.068   -0.051   -0.089
   -0.450   -0.501   -0.676   -1.400   -0.639   -0.338   -0.118   -0.057   -0.020    0.001   -0.005
 CLL                 
 $DEFLCT DELTA1=0.,0.,0.,0.,$                                                   
                      
    0.000    0.000    0.000    0.000    0.000    0.000    0.000    0.000    0.000    0.000    0.000
    0.000    0.000    0.000    0.000    0.000    0.000    0.000    0.000    0.000    0.000    0.000
    0.000    0.000    0.000    0.000    0.000    0.000    0.000    0.000    0.000    0.000    0.000
    0.000    0.000    0.000    0.000    0.000    0.000    0.000    0.000    0.000    0.000    0.000
    0.000    0.000    0.000    0.000    0.000    0.000    0.000    0.000    0.000    0.000    0.000
    0.000    0.000    0.000    0.000    0.000    0.000    0.000    0.000    0.000    0.000    0.000
    0.000    0.000    0.000    0.000    0.000    0.000    0.000    0.000    0.000    0.000    0.000
 CLL                 
 $DEFLCT DELTA1=5.,5.,5.,5.,$                                                   
                      
   -0.002   -0.003   -0.003    0.019   -0.009   -0.012   -0.014   -0.013   -0.012   -0.010   -0.010
   -0.003   -0.004   -0.004    0.014   -0.012   -0.014   -0.015   -0.014   -0.012   -0.011   -0.010
   -0.009   -0.009   -0.011   -0.006   -0.021   -0.019   -0.018   -0.016   -0.015   -0.014   -0.012
   -0.026   -0.027   -0.030   -0.040   -0.038   -0.029   -0.024   -0.021   -0.020   -0.018   -0.015
   -0.003   -0.003   -0.007    0.000   -0.019   -0.017   -0.018   -0.019   -0.018   -0.014   -0.014
    0.016    0.016    0.018    0.034   -0.005   -0.009   -0.014   -0.016   -0.017   -0.013   -0.018
    0.015    0.016    0.023    0.042   -0.002   -0.006   -0.013   -0.014   -0.012   -0.011   -0.011
 CLL                 
 $DEFLCT DELTA1=10.,10.,10.,10.,$                                               
                      
    0.012    0.010    0.012    0.064   -0.017   -0.024   -0.030   -0.029   -0.028   -0.026   -0.023
    0.006    0.005    0.006    0.051   -0.021   -0.026   -0.031   -0.030   -0.029   -0.028   -0.023
   -0.013   -0.015   -0.016    0.004   -0.039   -0.038   -0.037   -0.035   -0.033   -0.029   -0.028
   -0.046   -0.046   -0.053   -0.073   -0.073   -0.057   -0.048   -0.044   -0.042   -0.034   -0.033
   -0.004   -0.003   -0.008    0.013   -0.036   -0.031   -0.035   -0.037   -0.036   -0.031   -0.031
    0.034    0.035    0.038    0.081   -0.008   -0.015   -0.027   -0.031   -0.029   -0.027   -0.033
    0.030    0.034    0.047    0.087   -0.002   -0.010   -0.023   -0.026   -0.024   -0.019   -0.018
 CLL                 
 $DEFLCT DELTA1=15.,15.,15.,15.,$                                               
                      
    0.040    0.040    0.045    0.126   -0.020   -0.034   -0.047   -0.049   -0.050   -0.044   -0.043
    0.029    0.029    0.033    0.105   -0.026   -0.037   -0.048   -0.051   -0.051   -0.046   -0.044
   -0.006   -0.006   -0.006    0.033   -0.052   -0.054   -0.057   -0.057   -0.057   -0.051   -0.051
   -0.056   -0.054   -0.064   -0.091   -0.102   -0.080   -0.071   -0.068   -0.062   -0.057   -0.056
    0.001    0.002   -0.004    0.038   -0.048   -0.042   -0.050   -0.051   -0.048   -0.048   -0.045
    0.052    0.056    0.063    0.138   -0.007   -0.019   -0.037   -0.042   -0.042   -0.038   -0.043
    0.051    0.061    0.079    0.144    0.002   -0.010   -0.032   -0.035   -0.031   -0.024   -0.020
 CL                  
 $DEFLCT DELTA1=0.,0.,0.,0.,$                                                   
                      
    0.000    0.000    0.000    0.000    0.000    0.000    0.000    0.000    0.000    0.000    0.000
    0.229    0.230    0.233    0.238    0.227    0.196    0.136    0.116    0.108    0.104    0.101
    0.497    0.499    0.506    0.529    0.486    0.420    0.303    0.274    0.265    0.254    0.243
    1.150    1.157    1.175    1.250    1.089    0.969    0.772    0.674    0.627    0.600    0.584
    1.626    1.637    1.653    1.751    1.631    1.541    1.201    1.073    1.035    1.016    1.000
    2.184    2.207    2.231    2.435    2.333    2.164    1.667    1.550    1.520    1.496    1.468
    2.797    2.832    2.904    3.305    3.147    2.754    2.210    2.109    2.077    2.050    2.015
 CL                  
 $DEFLCT DELTA1=5.,5.,5.,5.,$                                                   
                      
    0.000    0.000    0.000    0.000    0.000    0.000    0.000    0.000    0.000    0.000    0.000
    0.235    0.236    0.239    0.243    0.227    0.196    0.136    0.117    0.110    0.106    0.103
    0.503    0.506    0.513    0.536    0.485    0.420    0.305    0.277    0.268    0.258    0.245
    1.151    1.159    1.177    1.251    1.089    0.970    0.776    0.679    0.633    0.605    0.591
    1.614    1.624    1.642    1.744    1.628    1.541    1.205    1.078    1.041    1.016    1.006
    2.168    2.189    2.215    2.427    2.327    2.162    1.669    1.555    1.526    1.501    1.477
    2.779    2.815    2.887    3.293    3.139    2.750    2.211    2.111    2.077    2.054    2.022
 CL                  
 $DEFLCT DELTA1=10.,10.,10.,10.,$                                               
                      
    0.000    0.000    0.000    0.000    0.000    0.000    0.000    0.000    0.000    0.000    0.000
    0.241    0.242    0.242    0.236    0.224    0.194    0.138    0.120    0.114    0.110    0.106
    0.513    0.516    0.520    0.529    0.480    0.417    0.308    0.284    0.277    0.264    0.255
    1.137    1.144    1.164    1.244    1.088    0.974    0.785    0.694    0.650    0.616    0.605
    1.586    1.593    1.613    1.715    1.619    1.538    1.210    1.092    1.057    1.031    1.025
    2.133    2.151    2.183    2.382    2.310    2.157    1.673    1.565    1.536    1.517    1.497
    2.726    2.763    2.839    3.246    3.118    2.742    2.212    2.118    2.093    2.069    2.039
 CL                  
 $DEFLCT DELTA1=15.,15.,15.,15.,$                                               
                      
    0.000    0.000    0.000    0.000    0.000    0.000    0.000    0.000    0.000    0.000    0.000
    0.236    0.237    0.235    0.216    0.217    0.190    0.139    0.124    0.118    0.108    0.110
    0.500    0.502    0.504    0.493    0.467    0.412    0.312    0.292    0.287    0.272    0.267
    1.103    1.106    1.129    1.219    1.080    0.972    0.794    0.710    0.664    0.636    0.628
    1.553    1.559    1.584    1.674    1.603    1.530    1.215    1.100    1.064    1.053    1.039
    2.085    2.109    2.145    2.308    2.280    2.144    1.675    1.574    1.549    1.536    1.516
    2.657    2.701    2.785    3.158    3.081    2.727    2.215    2.128    2.101    2.088    2.059
 CD                  
 $DEFLCT DELTA1=0.,0.,0.,0.,$                                                   
                      
    0.316    0.324    0.422    0.655    0.638    0.434    0.263    0.198    0.166    0.147    0.134
    0.324    0.332    0.430    0.664    0.646    0.441    0.268    0.203    0.170    0.151    0.139
    0.349    0.357    0.456    0.693    0.672    0.465    0.287    0.221    0.188    0.168    0.155
    0.460    0.469    0.571    0.834    0.791    0.577    0.383    0.306    0.268    0.246    0.232
    0.646    0.657    0.761    1.032    0.984    0.776    0.544    0.456    0.418    0.396    0.381
    0.927    0.942    1.052    1.355    1.306    1.082    0.786    0.696    0.659    0.635    0.617
    1.306    1.327    1.456    1.842    1.782    1.479    1.138    1.049    1.011    0.986    0.964
 CD                  
 $DEFLCT DELTA1=5.,5.,5.,5.,$                                                   
                      
    0.326    0.334    0.433    0.675    0.647    0.440    0.267    0.201    0.168    0.148    0.136
    0.335    0.343    0.441    0.684    0.655    0.447    0.272    0.206    0.173    0.153    0.140
    0.360    0.368    0.467    0.714    0.681    0.471    0.291    0.224    0.191    0.171    0.157
    0.473    0.482    0.585    0.855    0.801    0.583    0.388    0.311    0.273    0.250    0.235
    0.652    0.663    0.768    1.050    0.993    0.784    0.550    0.462    0.424    0.400    0.387
    0.930    0.944    1.055    1.370    1.314    1.088    0.793    0.703    0.666    0.641    0.624
    1.305    1.326    1.458    1.854    1.789    1.485    1.145    1.055    1.016    0.993    0.972
 CD                  
 $DEFLCT DELTA1=10.,10.,10.,10.,$                                               
                      
    0.356    0.364    0.463    0.736    0.677    0.459    0.279    0.211    0.176    0.156    0.142
    0.365    0.373    0.473    0.745    0.684    0.466    0.284    0.216    0.182    0.162    0.147
    0.392    0.401    0.502    0.774    0.710    0.490    0.304    0.235    0.201    0.179    0.165
    0.505    0.514    0.620    0.910    0.830    0.604    0.404    0.326    0.287    0.261    0.247
    0.672    0.681    0.790    1.096    1.021    0.803    0.567    0.480    0.442    0.416    0.404
    0.942    0.955    1.072    1.408    1.339    1.107    0.810    0.721    0.683    0.661    0.644
    1.301    1.323    1.465    1.885    1.811    1.503    1.163    1.075    1.040    1.015    0.994
 CD                  
 $DEFLCT DELTA1=15.,15.,15.,15.,$                                               
                      
    0.406    0.415    0.517    0.833    0.725    0.492    0.302    0.231    0.195    0.172    0.158
    0.415    0.424    0.526    0.840    0.733    0.499    0.308    0.237    0.201    0.178    0.163
    0.443    0.452    0.556    0.864    0.757    0.523    0.328    0.257    0.222    0.197    0.183
    0.546    0.554    0.666    0.993    0.875    0.636    0.429    0.351    0.309    0.284    0.271
    0.705    0.714    0.831    1.170    1.062    0.834    0.593    0.505    0.464    0.445    0.428
    0.961    0.979    1.106    1.467    1.376    1.137    0.837    0.749    0.712    0.691    0.673
    1.303    1.334    1.490    1.932    1.842    1.532    1.192    1.107    1.069    1.049    1.027
 CL/CD               
 $DEFLCT DELTA1=0.,0.,0.,0.,$                                                   
                      
    0.000    0.000    0.000    0.000    0.000    0.000    0.000    0.000    0.000    0.000    0.000
    0.706    0.691    0.541    0.359    0.351    0.445    0.505    0.571    0.634    0.685    0.731
    1.426    1.399    1.111    0.763    0.723    0.904    1.056    1.243    1.408    1.510    1.567
    2.502    2.467    2.056    1.498    1.378    1.680    2.016    2.200    2.338    2.439    2.523
    2.518    2.493    2.172    1.696    1.658    1.984    2.208    2.352    2.475    2.564    2.622
    2.355    2.342    2.120    1.798    1.787    2.001    2.120    2.228    2.307    2.354    2.380
    2.141    2.135    1.995    1.795    1.766    1.862    1.941    2.011    2.055    2.079    2.091
 CL/CD               
 $DEFLCT DELTA1=5.,5.,5.,5.,$                                                   
                      
    0.000    0.000    0.000    0.000    0.000    0.000    0.000    0.000    0.000    0.000    0.000
    0.704    0.690    0.542    0.355    0.346    0.437    0.500    0.569    0.635    0.689    0.732
    1.399    1.374    1.097    0.751    0.712    0.891    1.047    1.237    1.406    1.511    1.563
    2.435    2.403    2.011    1.464    1.360    1.662    2.000    2.184    2.321    2.419    2.508
    2.476    2.451    2.137    1.662    1.639    1.966    2.191    2.332    2.454    2.539    2.601
    2.332    2.319    2.100    1.772    1.771    1.987    2.106    2.213    2.291    2.341    2.367
    2.130    2.123    1.980    1.776    1.754    1.852    1.931    2.000    2.043    2.068    2.081
 CL/CD               
 $DEFLCT DELTA1=10.,10.,10.,10.,$                                               
                      
    0.000    0.000    0.000    0.000    0.000    0.000    0.000    0.000    0.000    0.000    0.000
    0.660    0.648    0.513    0.317    0.327    0.416    0.484    0.557    0.626    0.683    0.723
    1.307    1.287    1.037    0.684    0.676    0.851    1.015    1.208    1.379    1.477    1.542
    2.254    2.225    1.878    1.367    1.311    1.612    1.946    2.130    2.264    2.357    2.446
    2.361    2.339    2.042    1.565    1.586    1.915    2.136    2.273    2.391    2.477    2.535
    2.263    2.252    2.036    1.692    1.726    1.948    2.065    2.170    2.247    2.296    2.324
    2.096    2.088    1.939    1.722    1.722    1.824    1.903    1.970    2.012    2.039    2.051
 CL/CD               
 $DEFLCT DELTA1=15.,15.,15.,15.,$                                               
                      
    0.000    0.000    0.000    0.000    0.000    0.000    0.000    0.000    0.000    0.000    0.000
    0.569    0.559    0.447    0.257    0.296    0.381    0.452    0.523    0.586    0.609    0.676
    1.129    1.112    0.906    0.570    0.616    0.788    0.952    1.138    1.296    1.380    1.461
    2.020    1.996    1.697    1.228    1.234    1.529    1.851    2.024    2.147    2.236    2.316
    2.203    2.184    1.907    1.432    1.509    1.835    2.049    2.179    2.293    2.368    2.426
    2.169    2.155    1.940    1.573    1.658    1.886    2.001    2.103    2.177    2.224    2.254
    2.039    2.025    1.870    1.635    1.672    1.780    1.857    1.923    1.966    1.991    2.005
 X-C.P               
 $DEFLCT DELTA1=0.,0.,0.,0.,$                                                   
                      
   -0.059   -0.059    0.009    0.144   -0.760   -0.833   -0.197    0.217    0.566    0.782    0.870
   -0.291   -0.292   -0.228   -0.173   -0.844   -0.901   -0.317   -0.021    0.203    0.362    0.470
   -0.488   -0.488   -0.429   -0.431   -0.917   -0.960   -0.412   -0.188   -0.031    0.092    0.199
   -0.830   -0.830   -0.776   -0.809   -0.995   -0.982   -0.521   -0.343   -0.212   -0.121   -0.069
   -0.655   -0.647   -0.574   -0.532   -0.736   -0.718   -0.406   -0.294   -0.212   -0.161   -0.140
   -0.833   -0.836   -0.755   -0.683   -0.706   -0.741   -0.434   -0.354   -0.302   -0.276   -0.217
   -1.031   -1.040   -0.951   -0.848   -0.765   -0.772   -0.499   -0.447   -0.407   -0.390   -0.337
 X-C.P               
 $DEFLCT DELTA1=5.,5.,5.,5.,$                                                   
                      
    0.926    1.746-1007.678   -5.855   -4.018   -8.578    4.038    0.292   -4.046   -8.271    4.269
   -0.349   -0.348   -0.280   -0.239   -0.794   -0.882   -0.297    0.002    0.229    0.390    0.491
   -0.517   -0.517   -0.459   -0.485   -0.894   -0.947   -0.399   -0.173   -0.015    0.107    0.208
   -0.849   -0.847   -0.793   -0.839   -0.999   -0.982   -0.516   -0.338   -0.206   -0.120   -0.065
   -0.712   -0.709   -0.630   -0.575   -0.742   -0.716   -0.401   -0.288   -0.207   -0.164   -0.135
   -0.880   -0.887   -0.800   -0.719   -0.708   -0.741   -0.433   -0.350   -0.299   -0.274   -0.219
   -1.050   -1.056   -0.963   -0.866   -0.767   -0.774   -0.499   -0.447   -0.411   -0.391   -0.338
 X-C.P               
 $DEFLCT DELTA1=10.,10.,10.,10.,$                                               
                      
  -61.501    7.365    2.289   -2.777   -3.680    0.775    0.985   -0.953    3.701   -2.172   -1.179
   -0.414   -0.409   -0.318   -0.221   -0.749   -0.833   -0.240    0.066    0.292    0.457    0.547
   -0.578   -0.571   -0.504   -0.530   -0.860   -0.912   -0.358   -0.133    0.022    0.130    0.215
   -0.941   -0.944   -0.882   -0.941   -1.008   -0.980   -0.506   -0.325   -0.191   -0.107   -0.047
   -0.845   -0.850   -0.759   -0.666   -0.757   -0.717   -0.393   -0.273   -0.194   -0.153   -0.117
   -0.988   -0.996   -0.897   -0.775   -0.714   -0.741   -0.427   -0.346   -0.299   -0.269   -0.224
   -1.135   -1.130   -1.022   -0.914   -0.772   -0.775   -0.497   -0.446   -0.409   -0.390   -0.342
 X-C.P               
 $DEFLCT DELTA1=15.,15.,15.,15.,$                                               
                      
   -2.408   -4.029   -5.304   -2.543  -41.906    0.431    8.458    0.827    2.388    0.282    2.186
   -0.535   -0.520   -0.375   -0.281   -0.728   -0.763   -0.152    0.149    0.370    0.472    0.627
   -0.751   -0.755   -0.639   -0.608   -0.839   -0.859   -0.303   -0.081    0.065    0.150    0.226
   -1.109   -1.123   -1.047   -1.093   -1.036   -0.997   -0.502   -0.312   -0.179   -0.090   -0.029
   -1.008   -1.013   -0.904   -0.777   -0.778   -0.723   -0.383   -0.265   -0.186   -0.132   -0.097
   -1.144   -1.138   -1.016   -0.836   -0.723   -0.741   -0.420   -0.340   -0.289   -0.262   -0.222
   -1.243   -1.224   -1.100   -0.956   -0.780   -0.775   -0.493   -0.441   -0.408   -0.390   -0.349
 CNA                 
 $DEFLCT DELTA1=0.,0.,0.,0.,$                                                   
                      
    0.110    0.110    0.114    0.117    0.116    0.098    0.064    0.051    0.045    0.043    0.043
    0.130    0.131    0.134    0.144    0.133    0.113    0.081    0.072    0.069    0.066    0.063
    0.155    0.156    0.161    0.176    0.153    0.133    0.106    0.094    0.088    0.084    0.082
    0.150    0.152    0.155    0.169    0.159    0.152    0.121    0.107    0.103    0.101    0.101
    0.144    0.146    0.149    0.170    0.177    0.167    0.125    0.122    0.123    0.123    0.121
    0.169    0.172    0.181    0.226    0.221    0.178    0.147    0.149    0.150    0.148    0.146
    0.191    0.195    0.214    0.285    0.262    0.180    0.176    0.180    0.178    0.177    0.176
 CNA                 
 $DEFLCT DELTA1=5.,5.,5.,5.,$                                                   
                      
    0.115    0.116    0.118    0.121    0.117    0.098    0.064    0.051    0.046    0.044    0.044
    0.132    0.132    0.136    0.146    0.133    0.113    0.081    0.073    0.070    0.067    0.064
    0.155    0.156    0.160    0.176    0.153    0.134    0.107    0.095    0.089    0.085    0.082
    0.148    0.149    0.153    0.167    0.158    0.152    0.121    0.107    0.103    0.101    0.101
    0.142    0.144    0.147    0.169    0.176    0.167    0.125    0.122    0.123    0.123    0.122
    0.168    0.171    0.181    0.225    0.220    0.178    0.147    0.149    0.149    0.149    0.146
    0.191    0.195    0.215    0.284    0.261    0.179    0.176    0.179    0.175    0.176    0.174
 CNA                 
 $DEFLCT DELTA1=10.,10.,10.,10.,$                                               
                      
    0.119    0.119    0.120    0.117    0.115    0.097    0.065    0.053    0.047    0.047    0.045
    0.135    0.136    0.139    0.145    0.132    0.113    0.082    0.075    0.072    0.069    0.066
    0.154    0.155    0.160    0.177    0.153    0.135    0.108    0.097    0.092    0.086    0.084
    0.144    0.145    0.148    0.165    0.158    0.153    0.122    0.109    0.104    0.102    0.103
    0.139    0.141    0.144    0.165    0.175    0.166    0.125    0.121    0.123    0.124    0.123
    0.164    0.169    0.178    0.223    0.219    0.177    0.147    0.149    0.149    0.149    0.146
    0.184    0.190    0.209    0.285    0.261    0.179    0.176    0.179    0.179    0.176    0.174
 CNA                 
 $DEFLCT DELTA1=15.,15.,15.,15.,$                                               
                      
    0.118    0.119    0.118    0.107    0.113    0.096    0.066    0.055    0.049    0.043    0.046
    0.132    0.133    0.135    0.138    0.130    0.112    0.083    0.077    0.075    0.071    0.070
    0.150    0.150    0.156    0.176    0.153    0.135    0.110    0.100    0.094    0.091    0.088
    0.142    0.143    0.147    0.166    0.159    0.153    0.122    0.109    0.104    0.105    0.103
    0.138    0.141    0.144    0.160    0.172    0.165    0.124    0.121    0.123    0.125    0.123
    0.160    0.165    0.176    0.218    0.217    0.177    0.147    0.150    0.150    0.150    0.147
    0.177    0.184    0.204    0.284    0.260    0.179    0.177    0.180    0.177    0.177    0.174
 CMA                 
 $DEFLCT DELTA1=0.,0.,0.,0.,$                                                   
                      
   -0.007   -0.007    0.001    0.017   -0.088   -0.082   -0.013    0.011    0.025    0.033    0.037
   -0.064   -0.064   -0.058   -0.062   -0.122   -0.108   -0.033   -0.014   -0.002    0.006    0.013
   -0.139   -0.140   -0.135   -0.156   -0.156   -0.134   -0.058   -0.037   -0.024   -0.016   -0.012
   -0.109   -0.108   -0.098   -0.096   -0.104   -0.095   -0.049   -0.035   -0.028   -0.025   -0.025
   -0.120   -0.122   -0.108   -0.094   -0.082   -0.092   -0.045   -0.044   -0.045   -0.046   -0.038
   -0.255   -0.264   -0.255   -0.267   -0.175   -0.149   -0.088   -0.089   -0.088   -0.089   -0.075
   -0.349   -0.361   -0.360   -0.390   -0.270   -0.164   -0.132   -0.137   -0.132   -0.130   -0.128
 CMA                 
 $DEFLCT DELTA1=5.,5.,5.,5.,$                                                   
                      
   -0.018   -0.018   -0.009    0.007   -0.079   -0.079   -0.011    0.013    0.027    0.036    0.040
   -0.068   -0.068   -0.062   -0.071   -0.119   -0.107   -0.032   -0.013   -0.001    0.007    0.013
   -0.140   -0.141   -0.137   -0.161   -0.158   -0.135   -0.058   -0.037   -0.024   -0.017   -0.012
   -0.118   -0.118   -0.107   -0.102   -0.107   -0.096   -0.049   -0.035   -0.028   -0.026   -0.025
   -0.129   -0.132   -0.118   -0.100   -0.082   -0.092   -0.045   -0.044   -0.045   -0.046   -0.038
   -0.249   -0.256   -0.247   -0.265   -0.174   -0.150   -0.089   -0.090   -0.089   -0.089   -0.076
   -0.328   -0.333   -0.331   -0.376   -0.271   -0.167   -0.132   -0.138   -0.136   -0.133   -0.127
 CMA                 
 $DEFLCT DELTA1=10.,10.,10.,10.,$                                               
                      
   -0.027   -0.027   -0.012    0.019   -0.072   -0.072   -0.006    0.018    0.033    0.044    0.047
   -0.078   -0.078   -0.070   -0.077   -0.114   -0.103   -0.029   -0.010    0.002    0.009    0.014
   -0.153   -0.154   -0.150   -0.183   -0.161   -0.136   -0.059   -0.037   -0.024   -0.017   -0.012
   -0.139   -0.141   -0.130   -0.118   -0.112   -0.098   -0.049   -0.035   -0.028   -0.025   -0.023
   -0.144   -0.147   -0.131   -0.099   -0.081   -0.092   -0.045   -0.044   -0.046   -0.046   -0.041
   -0.248   -0.250   -0.240   -0.263   -0.172   -0.149   -0.090   -0.091   -0.091   -0.091   -0.080
   -0.318   -0.311   -0.307   -0.388   -0.274   -0.166   -0.134   -0.139   -0.134   -0.136   -0.124
 CMA                 
 $DEFLCT DELTA1=15.,15.,15.,15.,$                                               
                      
   -0.034   -0.030   -0.009    0.015   -0.068   -0.062    0.002    0.026    0.041    0.043    0.057
   -0.099   -0.100   -0.086   -0.084   -0.109   -0.096   -0.025   -0.006    0.005    0.011    0.016
   -0.178   -0.182   -0.177   -0.207   -0.164   -0.139   -0.060   -0.037   -0.025   -0.016   -0.013
   -0.160   -0.161   -0.150   -0.138   -0.119   -0.102   -0.050   -0.036   -0.029   -0.024   -0.021
   -0.162   -0.162   -0.141   -0.090   -0.078   -0.089   -0.044   -0.044   -0.045   -0.047   -0.043
   -0.247   -0.246   -0.235   -0.250   -0.169   -0.148   -0.090   -0.092   -0.093   -0.095   -0.086
   -0.283   -0.280   -0.282   -0.388   -0.277   -0.169   -0.136   -0.140   -0.141   -0.140   -0.131
 CYB                 
 $DEFLCT DELTA1=0.,0.,0.,0.,$                                                   
                      
   -0.117   -0.118   -0.121   -0.127   -0.121   -0.103   -0.069   -0.056   -0.051   -0.049   -0.048
   -0.122   -0.123   -0.126   -0.133   -0.126   -0.107   -0.074   -0.063   -0.059   -0.056   -0.055
   -0.133   -0.134   -0.136   -0.143   -0.133   -0.113   -0.082   -0.074   -0.071   -0.069   -0.066
   -0.169   -0.170   -0.172   -0.185   -0.161   -0.143   -0.112   -0.099   -0.093   -0.089   -0.087
   -0.180   -0.182   -0.187   -0.204   -0.196   -0.187   -0.132   -0.116   -0.112   -0.107   -0.108
   -0.185   -0.186   -0.192   -0.226   -0.232   -0.206   -0.146   -0.133   -0.128   -0.125   -0.117
   -0.184   -0.184   -0.192   -0.241   -0.248   -0.212   -0.155   -0.145   -0.141   -0.137   -0.134
 CYB                 
 $DEFLCT DELTA1=5.,5.,5.,5.,$                                                   
                      
   -0.121   -0.122   -0.125   -0.130   -0.122   -0.103   -0.069   -0.057   -0.052   -0.050   -0.049
   -0.127   -0.127   -0.130   -0.139   -0.127   -0.108   -0.075   -0.064   -0.060   -0.058   -0.056
   -0.135   -0.135   -0.138   -0.148   -0.134   -0.114   -0.082   -0.075   -0.072   -0.069   -0.067
   -0.166   -0.167   -0.169   -0.182   -0.160   -0.142   -0.112   -0.099   -0.093   -0.087   -0.087
   -0.177   -0.178   -0.182   -0.202   -0.193   -0.185   -0.131   -0.115   -0.111   -0.109   -0.106
   -0.183   -0.183   -0.189   -0.229   -0.233   -0.206   -0.145   -0.133   -0.128   -0.125   -0.119
   -0.187   -0.190   -0.198   -0.242   -0.248   -0.212   -0.155   -0.144   -0.138   -0.137   -0.133
 CYB                 
 $DEFLCT DELTA1=10.,10.,10.,10.,$                                               
                      
   -0.125   -0.125   -0.127   -0.128   -0.121   -0.102   -0.070   -0.059   -0.054   -0.052   -0.051
   -0.133   -0.134   -0.137   -0.144   -0.128   -0.109   -0.076   -0.067   -0.064   -0.062   -0.061
   -0.141   -0.143   -0.147   -0.161   -0.138   -0.116   -0.084   -0.073   -0.072   -0.068   -0.069
   -0.157   -0.158   -0.160   -0.173   -0.157   -0.142   -0.112   -0.100   -0.094   -0.090   -0.088
   -0.170   -0.171   -0.176   -0.201   -0.188   -0.179   -0.128   -0.113   -0.106   -0.109   -0.105
   -0.186   -0.190   -0.195   -0.237   -0.233   -0.206   -0.145   -0.132   -0.127   -0.126   -0.121
   -0.186   -0.193   -0.201   -0.248   -0.248   -0.212   -0.154   -0.144   -0.139   -0.139   -0.135
 CYB                 
 $DEFLCT DELTA1=15.,15.,15.,15.,$                                               
                      
   -0.124   -0.125   -0.125   -0.120   -0.119   -0.101   -0.071   -0.061   -0.057   -0.051   -0.054
   -0.136   -0.137   -0.138   -0.144   -0.128   -0.110   -0.079   -0.070   -0.067   -0.065   -0.067
   -0.153   -0.154   -0.160   -0.180   -0.143   -0.120   -0.086   -0.074   -0.074   -0.072   -0.073
   -0.149   -0.149   -0.151   -0.171   -0.155   -0.140   -0.112   -0.100   -0.090   -0.093   -0.088
   -0.171   -0.176   -0.184   -0.196   -0.183   -0.176   -0.125   -0.108   -0.109   -0.107   -0.105
   -0.177   -0.185   -0.192   -0.243   -0.234   -0.209   -0.147   -0.134   -0.131   -0.128   -0.125
   -0.195   -0.201   -0.206   -0.255   -0.249   -0.214   -0.156   -0.146   -0.144   -0.139   -0.137
 CLNB                
 $DEFLCT DELTA1=0.,0.,0.,0.,$                                                   
                      
    0.029    0.029    0.022    0.014    0.101    0.091    0.019   -0.004   -0.018   -0.025   -0.030
    0.041    0.041    0.033    0.028    0.106    0.097    0.025    0.004   -0.008   -0.016   -0.021
    0.071    0.071    0.062    0.059    0.116    0.107    0.035    0.017    0.006    0.000   -0.004
    0.195    0.196    0.184    0.206    0.197    0.177    0.089    0.064    0.052    0.044    0.041
    0.257    0.259    0.250    0.260    0.285    0.279    0.133    0.098    0.086    0.078    0.078
    0.294    0.294    0.271    0.286    0.333    0.300    0.155    0.125    0.109    0.103    0.074
    0.339    0.340    0.307    0.322    0.352    0.318    0.170    0.144    0.130    0.122    0.109
 CLNB                
 $DEFLCT DELTA1=5.,5.,5.,5.,$                                                   
                      
    0.038    0.038    0.030    0.023    0.094    0.089    0.018   -0.005   -0.019   -0.027   -0.032
    0.055    0.055    0.048    0.053    0.108    0.100    0.026    0.005   -0.008   -0.015   -0.020
    0.080    0.080    0.073    0.081    0.124    0.109    0.035    0.016    0.003   -0.002   -0.006
    0.203    0.204    0.190    0.206    0.197    0.176    0.088    0.064    0.051    0.045    0.039
    0.266    0.271    0.260    0.271    0.276    0.270    0.128    0.095    0.083    0.079    0.072
    0.304    0.306    0.285    0.313    0.339    0.302    0.155    0.126    0.110    0.102    0.079
    0.348    0.353    0.324    0.334    0.357    0.319    0.171    0.144    0.131    0.123    0.115
 CLNB                
 $DEFLCT DELTA1=10.,10.,10.,10.,$                                               
                      
    0.048    0.048    0.036    0.022    0.089    0.084    0.014   -0.009   -0.023   -0.032   -0.036
    0.078    0.077    0.068    0.079    0.111    0.102    0.026    0.004   -0.008   -0.013   -0.013
    0.117    0.118    0.114    0.149    0.138    0.116    0.035    0.002   -0.004   -0.005   -0.006
    0.213    0.216    0.199    0.203    0.193    0.174    0.087    0.062    0.048    0.042    0.036
    0.285    0.293    0.282    0.282    0.268    0.259    0.120    0.087    0.077    0.075    0.062
    0.325    0.332    0.306    0.363    0.355    0.311    0.159    0.128    0.115    0.105    0.090
    0.355    0.359    0.328    0.364    0.370    0.327    0.174    0.147    0.135    0.128    0.120
 CLNB                
 $DEFLCT DELTA1=15.,15.,15.,15.,$                                               
                      
    0.059    0.055    0.038    0.032    0.086    0.077    0.008   -0.015   -0.029   -0.030   -0.041
    0.121    0.123    0.106    0.114    0.116    0.101    0.024    0.003   -0.007   -0.010   -0.002
    0.201    0.206    0.203    0.256    0.164    0.132    0.038   -0.011   -0.014   -0.013   -0.009
    0.222    0.228    0.207    0.208    0.189    0.174    0.086    0.062    0.050    0.038    0.036
    0.308    0.313    0.303    0.288    0.255    0.245    0.108    0.076    0.069    0.072    0.064
    0.347    0.346    0.318    0.407    0.368    0.322    0.164    0.136    0.121    0.114    0.109
    0.401    0.395    0.350    0.411    0.381    0.333    0.179    0.155    0.141    0.135    0.127
 CLLB                
 $DEFLCT DELTA1=0.,0.,0.,0.,$                                                   
                      
    0.000    0.000    0.000    0.000    0.000    0.000    0.000    0.000    0.000    0.000    0.000
    0.001    0.001    0.001    0.001    0.000    0.000    0.000    0.000    0.000    0.000    0.000
    0.001    0.002    0.002    0.002    0.001    0.000    0.000    0.000    0.000    0.000    0.000
   -0.018   -0.019   -0.020   -0.026   -0.013   -0.009   -0.005   -0.003   -0.002   -0.001   -0.001
   -0.018   -0.018   -0.019   -0.022   -0.023   -0.020   -0.010   -0.005   -0.003   -0.002    0.000
   -0.014   -0.013   -0.013   -0.018   -0.028   -0.020   -0.011   -0.005   -0.002    0.000   -0.003
   -0.012   -0.012   -0.011   -0.018   -0.028   -0.019   -0.010   -0.003    0.001    0.003    0.003
 CLLB                
 $DEFLCT DELTA1=5.,5.,5.,5.,$                                                   
                      
    0.000    0.000    0.000   -0.001   -0.001    0.000    0.000    0.000    0.000    0.000    0.000
    0.001    0.001    0.001    0.002    0.001    0.001    0.000    0.000    0.000    0.000    0.000
    0.003    0.003    0.003    0.004    0.001    0.001    0.000    0.000    0.000    0.000    0.000
   -0.019   -0.019   -0.020   -0.026   -0.013   -0.008   -0.004   -0.002   -0.001   -0.001    0.000
   -0.018   -0.018   -0.020   -0.023   -0.021   -0.019   -0.009   -0.004   -0.002   -0.001   -0.002
   -0.015   -0.014   -0.015   -0.022   -0.029   -0.021   -0.011   -0.005   -0.002    0.001   -0.002
   -0.013   -0.013   -0.013   -0.019   -0.028   -0.020   -0.010   -0.004    0.000    0.003    0.004
 CLLB                
 $DEFLCT DELTA1=10.,10.,10.,10.,$                                               
                      
   -0.001   -0.001   -0.001   -0.003   -0.001   -0.001    0.000    0.000    0.000    0.000    0.000
    0.002    0.002    0.002    0.003    0.001    0.001    0.001    0.001    0.001    0.002    0.002
    0.006    0.006    0.007    0.010    0.004    0.002    0.001   -0.002   -0.001   -0.001    0.001
   -0.015   -0.015   -0.016   -0.019   -0.012   -0.006   -0.003   -0.001    0.000    0.000    0.000
   -0.019   -0.020   -0.022   -0.023   -0.020   -0.017   -0.008   -0.003   -0.002   -0.001   -0.004
   -0.015   -0.016   -0.016   -0.028   -0.030   -0.022   -0.012   -0.007   -0.003   -0.001   -0.002
   -0.013   -0.014   -0.014   -0.023   -0.029   -0.020   -0.010   -0.004    0.000    0.002    0.003
 CLLB                
 $DEFLCT DELTA1=15.,15.,15.,15.,$                                               
                      
   -0.003   -0.003   -0.003   -0.005   -0.002   -0.001    0.000    0.000    0.000   -0.001    0.000
    0.002    0.002    0.002    0.004    0.002    0.002    0.001    0.001    0.002    0.003    0.004
    0.013    0.013    0.014    0.022    0.008    0.005    0.002   -0.004   -0.002    0.000    0.002
   -0.009   -0.010   -0.010   -0.009   -0.008   -0.004   -0.002    0.000    0.000    0.001    0.001
   -0.020   -0.020   -0.023   -0.024   -0.018   -0.015   -0.006   -0.002   -0.001   -0.002   -0.006
   -0.017   -0.016   -0.017   -0.033   -0.032   -0.023   -0.014   -0.008   -0.005   -0.004   -0.004
   -0.018   -0.018   -0.016   -0.029   -0.030   -0.021   -0.012   -0.006   -0.003    0.000   -0.002
 CNQ                 
 $DEFLCT DELTA1=0.,0.,0.,0.,$                                                   
                      
    0.741    0.745    0.741    0.798    0.709    0.605    0.368    0.302    0.277    0.269    0.273
    0.774    0.779    0.767    0.809    0.710    0.612    0.379    0.319    0.298    0.293    0.303
    0.803    0.807    0.788    0.814    0.707    0.619    0.391    0.337    0.321    0.319    0.310
    0.855    0.859    0.824    0.819    0.698    0.636    0.411    0.370    0.359    0.361    0.335
    0.866    0.868    0.827    0.806    0.695    0.633    0.410    0.371    0.363    0.364    0.341
    0.896    0.899    0.848    0.802    0.690    0.631    0.411    0.374    0.367    0.357    0.364
    0.922    0.926    0.864    0.796    0.679    0.617    0.418    0.384    0.375    0.341    0.360
 CNQ                 
 $DEFLCT DELTA1=5.,5.,5.,5.,$                                                   
                      
    0.747    0.751    0.747    0.805    0.709    0.606    0.368    0.302    0.276    0.269    0.273
    0.771    0.775    0.764    0.806    0.710    0.613    0.378    0.318    0.296    0.292    0.301
    0.797    0.801    0.782    0.804    0.707    0.619    0.390    0.336    0.319    0.317    0.310
    0.855    0.859    0.823    0.816    0.699    0.636    0.410    0.369    0.358    0.363    0.333
    0.873    0.876    0.833    0.806    0.696    0.633    0.409    0.370    0.361    0.365    0.344
    0.900    0.904    0.852    0.796    0.690    0.632    0.412    0.374    0.366    0.356    0.356
    0.920    0.923    0.860    0.785    0.678    0.618    0.419    0.386    0.379    0.342    0.356
 CNQ                 
 $DEFLCT DELTA1=10.,10.,10.,10.,$                                               
                      
    0.767    0.772    0.766    0.826    0.710    0.608    0.368    0.301    0.275    0.268    0.274
    0.776    0.780    0.769    0.817    0.710    0.614    0.378    0.316    0.293    0.287    0.293
    0.788    0.791    0.772    0.798    0.706    0.619    0.388    0.333    0.315    0.316    0.306
    0.863    0.867    0.830    0.807    0.700    0.636    0.409    0.367    0.355    0.359    0.331
    0.883    0.888    0.842    0.812    0.697    0.637    0.410    0.368    0.358    0.359    0.335
    0.906    0.910    0.851    0.798    0.690    0.634    0.413    0.375    0.366    0.352    0.349
    0.923    0.924    0.857    0.766    0.674    0.621    0.421    0.387    0.374    0.342    0.352
 CNQ                 
 $DEFLCT DELTA1=15.,15.,15.,15.,$                                               
                      
    0.800    0.806    0.799    0.861    0.713    0.613    0.369    0.301    0.276    0.272    0.274
    0.798    0.803    0.792    0.844    0.711    0.618    0.377    0.314    0.290    0.288    0.281
    0.793    0.798    0.779    0.807    0.706    0.621    0.386    0.329    0.309    0.309    0.300
    0.872    0.879    0.837    0.797    0.700    0.640    0.410    0.366    0.357    0.353    0.332
    0.886    0.889    0.839    0.816    0.699    0.639    0.411    0.370    0.357    0.353    0.335
    0.909    0.908    0.840    0.801    0.691    0.637    0.415    0.376    0.367    0.350    0.346
    0.926    0.921    0.842    0.760    0.671    0.625    0.422    0.388    0.377    0.344    0.351
 CMQ                 
 $DEFLCT DELTA1=0.,0.,0.,0.,$                                                   
                      
   -2.737   -2.792   -2.900   -3.455   -2.779   -2.323   -1.373   -1.100   -0.986   -0.949   -0.958
   -2.864   -2.919   -2.998   -3.498   -2.784   -2.350   -1.418   -1.167   -1.072   -1.047   -1.079
   -2.979   -3.034   -3.083   -3.517   -2.775   -2.375   -1.468   -1.242   -1.167   -1.155   -1.112
   -3.177   -3.231   -3.221   -3.526   -2.740   -2.443   -1.555   -1.385   -1.333   -1.337   -1.219
   -3.192   -3.242   -3.212   -3.452   -2.724   -2.428   -1.558   -1.397   -1.359   -1.362   -1.257
   -3.227   -3.274   -3.216   -3.400   -2.695   -2.418   -1.565   -1.414   -1.381   -1.330   -1.354
   -3.227   -3.268   -3.183   -3.337   -2.642   -2.360   -1.594   -1.460   -1.424   -1.275   -1.348
 CMQ                 
 $DEFLCT DELTA1=5.,5.,5.,5.,$                                                   
                      
   -2.768   -2.824   -2.930   -3.484   -2.788   -2.328   -1.377   -1.103   -0.990   -0.955   -0.965
   -2.859   -2.914   -2.994   -3.487   -2.790   -2.354   -1.420   -1.168   -1.073   -1.048   -1.075
   -2.956   -3.010   -3.058   -3.474   -2.773   -2.377   -1.468   -1.242   -1.166   -1.153   -1.113
   -3.164   -3.219   -3.208   -3.498   -2.738   -2.444   -1.555   -1.384   -1.332   -1.335   -1.218
   -3.169   -3.214   -3.180   -3.426   -2.721   -2.431   -1.556   -1.395   -1.354   -1.360   -1.268
   -3.220   -3.267   -3.202   -3.364   -2.691   -2.417   -1.565   -1.413   -1.377   -1.325   -1.325
   -3.244   -3.296   -3.203   -3.298   -2.633   -2.362   -1.596   -1.460   -1.419   -1.272   -1.320
 CMQ                 
 $DEFLCT DELTA1=10.,10.,10.,10.,$                                               
                      
   -2.848   -2.906   -3.007   -3.560   -2.795   -2.343   -1.388   -1.113   -1.004   -0.970   -0.984
   -2.881   -2.938   -3.019   -3.520   -2.793   -2.366   -1.426   -1.173   -1.077   -1.051   -1.059
   -2.917   -2.973   -3.023   -3.432   -2.772   -2.384   -1.469   -1.242   -1.164   -1.146   -1.113
   -3.125   -3.176   -3.161   -3.427   -2.734   -2.448   -1.556   -1.382   -1.330   -1.334   -1.216
   -3.138   -3.183   -3.141   -3.414   -2.713   -2.433   -1.554   -1.390   -1.339   -1.342   -1.245
   -3.209   -3.265   -3.181   -3.347   -2.680   -2.423   -1.568   -1.411   -1.374   -1.314   -1.293
   -3.233   -3.292   -3.180   -3.209   -2.610   -2.370   -1.600   -1.463   -1.418   -1.273   -1.311
 CMQ                 
 $DEFLCT DELTA1=15.,15.,15.,15.,$                                               
                      
   -2.948   -3.012   -3.111   -3.638   -2.801   -2.367   -1.407   -1.133   -1.028   -0.979   -1.003
   -2.931   -2.991   -3.075   -3.573   -2.790   -2.385   -1.439   -1.182   -1.085   -1.052   -1.030
   -2.879   -2.930   -2.988   -3.424   -2.766   -2.395   -1.470   -1.243   -1.162   -1.152   -1.109
   -3.096   -3.145   -3.120   -3.364   -2.731   -2.453   -1.558   -1.380   -1.324   -1.332   -1.227
   -3.133   -3.188   -3.139   -3.407   -2.708   -2.445   -1.558   -1.385   -1.340   -1.323   -1.235
   -3.170   -3.229   -3.123   -3.341   -2.672   -2.431   -1.576   -1.416   -1.374   -1.309   -1.278
   -3.236   -3.284   -3.134   -3.169   -2.588   -2.381   -1.608   -1.469   -1.416   -1.281   -1.300
 CAQ                 
 $DEFLCT DELTA1=0.,0.,0.,0.,$                                                   
                      
   -0.025   -0.025   -0.025    0.000    0.000    0.000    0.000    0.000    0.000    0.000    0.000
   -0.024   -0.024   -0.024    0.000    0.000    0.000    0.000    0.000    0.000    0.000    0.000
   -0.019   -0.019   -0.019    0.000    0.000    0.000    0.000    0.000    0.000    0.000    0.000
    0.014    0.014    0.012    0.000    0.000    0.000    0.000    0.000    0.000    0.000    0.000
    0.007    0.006    0.005    0.000    0.000    0.000    0.000    0.000    0.000    0.000    0.000
    0.001    0.001   -0.003    0.000    0.000    0.000    0.000    0.000    0.000    0.000    0.000
   -0.005   -0.005   -0.006    0.000    0.000    0.000    0.000    0.000    0.000    0.000    0.000
 CAQ                 
 $DEFLCT DELTA1=5.,5.,5.,5.,$                                                   
                      
   -0.020   -0.020   -0.019    0.000    0.000    0.000    0.000    0.000    0.000    0.000    0.000
   -0.019   -0.018   -0.017    0.000    0.000    0.000    0.000    0.000    0.000    0.000    0.000
   -0.014   -0.014   -0.013    0.000    0.000    0.000    0.000    0.000    0.000    0.000    0.000
    0.013    0.012    0.011    0.000    0.000    0.000    0.000    0.000    0.000    0.000    0.000
    0.012    0.012    0.011    0.001    0.000    0.000    0.000    0.000    0.000    0.000    0.000
    0.002    0.003    0.001    0.001    0.000    0.000    0.000    0.000    0.000    0.000   -0.001
   -0.005   -0.005   -0.008    0.001    0.000    0.000    0.000    0.000    0.000   -0.001    0.000
 CAQ                 
 $DEFLCT DELTA1=10.,10.,10.,10.,$                                               
                      
   -0.002   -0.001    0.003    0.000    0.000    0.000    0.000    0.000    0.000    0.000    0.000
   -0.002   -0.001    0.002    0.000    0.000    0.000    0.000    0.000    0.000    0.000    0.000
   -0.003   -0.003   -0.001    0.001    0.000    0.000    0.000   -0.001   -0.001    0.000   -0.001
    0.013    0.013    0.011    0.002    0.000    0.000   -0.001   -0.001   -0.001   -0.001   -0.001
    0.017    0.017    0.017    0.003    0.000    0.000   -0.001   -0.001   -0.001   -0.002   -0.002
    0.004    0.004    0.003    0.003    0.000    0.000   -0.001   -0.001   -0.001   -0.001   -0.002
   -0.005   -0.006   -0.012    0.003    0.000    0.000   -0.001   -0.001   -0.002   -0.001   -0.002
 CAQ                 
 $DEFLCT DELTA1=15.,15.,15.,15.,$                                               
                      
    0.018    0.018    0.021   -0.001    0.000    0.000    0.000    0.000    0.000    0.001    0.000
    0.018    0.018    0.021    0.001    0.000    0.000    0.000   -0.001    0.000   -0.001   -0.001
    0.010    0.011    0.013    0.003    0.000    0.000   -0.001   -0.001   -0.001   -0.001   -0.001
    0.015    0.016    0.014    0.004    0.001    0.000   -0.001   -0.001    0.000   -0.003   -0.002
    0.017    0.017    0.016    0.005    0.001    0.000   -0.001   -0.001   -0.002   -0.003   -0.002
    0.004    0.002    0.000    0.005    0.001    0.000   -0.001   -0.002   -0.002   -0.002   -0.002
   -0.009   -0.012   -0.020    0.005    0.001    0.000   -0.001   -0.002   -0.002   -0.002   -0.002
 CNAD                
 $DEFLCT DELTA1=0.,0.,0.,0.,$                                                   
                      
    0.287    0.287    0.287    0.286    0.336    0.314    0.279    0.258    0.255    0.260    0.270
    0.287    0.287    0.287    0.286    0.336    0.314    0.279    0.258    0.255    0.260    0.270
    0.287    0.287    0.287    0.286    0.336    0.314    0.279    0.258    0.255    0.260    0.270
    0.287    0.287    0.287    0.286    0.336    0.314    0.279    0.258    0.255    0.260    0.270
    0.287    0.287    0.287    0.286    0.336    0.314    0.279    0.258    0.255    0.260    0.270
    0.287    0.287    0.287    0.286    0.336    0.314    0.279    0.258    0.255    0.260    0.270
    0.287    0.287    0.287    0.286    0.336    0.314    0.279    0.258    0.255    0.260    0.270
 CNAD                
 $DEFLCT DELTA1=5.,5.,5.,5.,$                                                   
                      
    0.287    0.287    0.287    0.286    0.336    0.314    0.279    0.258    0.255    0.260    0.270
    0.287    0.287    0.287    0.286    0.336    0.314    0.279    0.258    0.255    0.260    0.270
    0.287    0.287    0.287    0.286    0.336    0.314    0.279    0.258    0.255    0.260    0.270
    0.287    0.287    0.287    0.286    0.336    0.314    0.279    0.258    0.255    0.260    0.270
    0.287    0.287    0.287    0.286    0.336    0.314    0.279    0.258    0.255    0.260    0.270
    0.287    0.287    0.287    0.286    0.336    0.314    0.279    0.258    0.255    0.260    0.270
    0.287    0.287    0.287    0.286    0.336    0.314    0.279    0.258    0.255    0.260    0.270
 CNAD                
 $DEFLCT DELTA1=10.,10.,10.,10.,$                                               
                      
    0.287    0.287    0.287    0.286    0.336    0.314    0.279    0.258    0.255    0.260    0.270
    0.287    0.287    0.287    0.286    0.336    0.314    0.279    0.258    0.255    0.260    0.270
    0.287    0.287    0.287    0.286    0.336    0.314    0.279    0.258    0.255    0.260    0.270
    0.287    0.287    0.287    0.286    0.336    0.314    0.279    0.258    0.255    0.260    0.270
    0.287    0.287    0.287    0.286    0.336    0.314    0.279    0.258    0.255    0.260    0.270
    0.287    0.287    0.287    0.286    0.336    0.314    0.279    0.258    0.255    0.260    0.270
    0.287    0.287    0.287    0.286    0.336    0.314    0.279    0.258    0.255    0.260    0.270
 CNAD                
 $DEFLCT DELTA1=15.,15.,15.,15.,$                                               
                      
    0.287    0.287    0.287    0.286    0.336    0.314    0.279    0.258    0.255    0.260    0.270
    0.287    0.287    0.287    0.286    0.336    0.314    0.279    0.258    0.255    0.260    0.270
    0.287    0.287    0.287    0.286    0.336    0.314    0.279    0.258    0.255    0.260    0.270
    0.287    0.287    0.287    0.286    0.336    0.314    0.279    0.258    0.255    0.260    0.270
    0.287    0.287    0.287    0.286    0.336    0.314    0.279    0.258    0.255    0.260    0.270
    0.287    0.287    0.287    0.286    0.336    0.314    0.279    0.258    0.255    0.260    0.270
    0.287    0.287    0.287    0.286    0.336    0.314    0.279    0.258    0.255    0.260    0.270
 CMAD                
 $DEFLCT DELTA1=0.,0.,0.,0.,$                                                   
                      
   -0.320   -0.343   -0.406   -0.571   -0.529   -0.502   -0.457   -0.432   -0.428   -0.433   -0.447
   -0.320   -0.343   -0.406   -0.571   -0.529   -0.502   -0.457   -0.432   -0.428   -0.433   -0.447
   -0.320   -0.343   -0.406   -0.571   -0.529   -0.502   -0.457   -0.432   -0.428   -0.433   -0.447
   -0.320   -0.343   -0.406   -0.571   -0.529   -0.502   -0.457   -0.432   -0.428   -0.433   -0.447
   -0.320   -0.343   -0.406   -0.571   -0.529   -0.502   -0.457   -0.432   -0.428   -0.433   -0.447
   -0.320   -0.343   -0.406   -0.571   -0.529   -0.502   -0.457   -0.432   -0.428   -0.433   -0.447
   -0.320   -0.343   -0.406   -0.571   -0.529   -0.502   -0.457   -0.432   -0.428   -0.433   -0.447
 CMAD                
 $DEFLCT DELTA1=5.,5.,5.,5.,$                                                   
                      
   -0.320   -0.343   -0.406   -0.571   -0.529   -0.502   -0.457   -0.432   -0.428   -0.433   -0.447
   -0.320   -0.343   -0.406   -0.571   -0.529   -0.502   -0.457   -0.432   -0.428   -0.433   -0.447
   -0.320   -0.343   -0.406   -0.571   -0.529   -0.502   -0.457   -0.432   -0.428   -0.433   -0.447
   -0.320   -0.343   -0.406   -0.571   -0.529   -0.502   -0.457   -0.432   -0.428   -0.433   -0.447
   -0.320   -0.343   -0.406   -0.571   -0.529   -0.502   -0.457   -0.432   -0.428   -0.433   -0.447
   -0.320   -0.343   -0.406   -0.571   -0.529   -0.502   -0.457   -0.432   -0.428   -0.433   -0.447
   -0.320   -0.343   -0.406   -0.571   -0.529   -0.502   -0.457   -0.432   -0.428   -0.433   -0.447
 CMAD                
 $DEFLCT DELTA1=10.,10.,10.,10.,$                                               
                      
   -0.320   -0.343   -0.406   -0.571   -0.529   -0.502   -0.457   -0.432   -0.428   -0.433   -0.447
   -0.320   -0.343   -0.406   -0.571   -0.529   -0.502   -0.457   -0.432   -0.428   -0.433   -0.447
   -0.320   -0.343   -0.406   -0.571   -0.529   -0.502   -0.457   -0.432   -0.428   -0.433   -0.447
   -0.320   -0.343   -0.406   -0.571   -0.529   -0.502   -0.457   -0.432   -0.428   -0.433   -0.447
   -0.320   -0.343   -0.406   -0.571   -0.529   -0.502   -0.457   -0.432   -0.428   -0.433   -0.447
   -0.320   -0.343   -0.406   -0.571   -0.529   -0.502   -0.457   -0.432   -0.428   -0.433   -0.447
   -0.320   -0.343   -0.406   -0.571   -0.529   -0.502   -0.457   -0.432   -0.428   -0.433   -0.447
 CMAD                
 $DEFLCT DELTA1=15.,15.,15.,15.,$                                               
                      
   -0.320   -0.343   -0.406   -0.571   -0.529   -0.502   -0.457   -0.432   -0.428   -0.433   -0.447
   -0.320   -0.343   -0.406   -0.571   -0.529   -0.502   -0.457   -0.432   -0.428   -0.433   -0.447
   -0.320   -0.343   -0.406   -0.571   -0.529   -0.502   -0.457   -0.432   -0.428   -0.433   -0.447
   -0.320   -0.343   -0.406   -0.571   -0.529   -0.502   -0.457   -0.432   -0.428   -0.433   -0.447
   -0.320   -0.343   -0.406   -0.571   -0.529   -0.502   -0.457   -0.432   -0.428   -0.433   -0.447
   -0.320   -0.343   -0.406   -0.571   -0.529   -0.502   -0.457   -0.432   -0.428   -0.433   -0.447
   -0.320   -0.343   -0.406   -0.571   -0.529   -0.502   -0.457   -0.432   -0.428   -0.433   -0.447
 CYR                 
 $DEFLCT DELTA1=0.,0.,0.,0.,$                                                   
                      
    0.748    0.752    0.748    0.808    0.721    0.618    0.385    0.326    0.304    0.295    0.295
    0.744    0.748    0.744    0.802    0.717    0.616    0.385    0.326    0.305    0.296    0.298
    0.736    0.740    0.733    0.786    0.709    0.613    0.387    0.330    0.309    0.302    0.294
    0.752    0.755    0.739    0.769    0.696    0.616    0.394    0.345    0.329    0.324    0.308
    0.765    0.768    0.743    0.752    0.681    0.606    0.389    0.344    0.330    0.329    0.315
    0.813    0.819    0.780    0.755    0.678    0.606    0.393    0.351    0.339    0.331    0.328
    0.873    0.881    0.827    0.770    0.677    0.610    0.403    0.364    0.352    0.334    0.331
 CYR                 
 $DEFLCT DELTA1=5.,5.,5.,5.,$                                                   
                      
    0.754    0.758    0.754    0.815    0.721    0.619    0.385    0.326    0.303    0.294    0.295
    0.751    0.756    0.751    0.810    0.717    0.617    0.385    0.326    0.304    0.296    0.297
    0.748    0.752    0.745    0.798    0.710    0.615    0.387    0.330    0.310    0.302    0.294
    0.767    0.771    0.753    0.785    0.697    0.618    0.394    0.346    0.329    0.328    0.309
    0.790    0.795    0.772    0.793    0.686    0.610    0.393    0.349    0.336    0.333    0.319
    0.829    0.836    0.800    0.795    0.683    0.616    0.399    0.357    0.348    0.342    0.328
    0.869    0.873    0.819    0.786    0.685    0.619    0.408    0.372    0.366    0.347    0.341
 CYR                 
 $DEFLCT DELTA1=10.,10.,10.,10.,$                                               
                      
    0.774    0.779    0.773    0.837    0.722    0.621    0.386    0.325    0.302    0.293    0.295
    0.771    0.776    0.770    0.830    0.719    0.619    0.385    0.325    0.303    0.295    0.294
    0.766    0.770    0.761    0.811    0.712    0.617    0.387    0.330    0.309    0.305    0.294
    0.790    0.795    0.777    0.807    0.701    0.621    0.396    0.346    0.329    0.326    0.308
    0.823    0.829    0.806    0.815    0.692    0.619    0.398    0.356    0.348    0.341    0.328
    0.838    0.838    0.807    0.813    0.690    0.626    0.406    0.368    0.360    0.356    0.341
    0.878    0.873    0.819    0.803    0.692    0.632    0.415    0.381    0.375    0.365    0.357
 CYR                 
 $DEFLCT DELTA1=15.,15.,15.,15.,$                                               
                      
    0.807    0.813    0.806    0.872    0.725    0.626    0.387    0.325    0.303    0.297    0.295
    0.801    0.807    0.800    0.860    0.722    0.624    0.386    0.326    0.304    0.296    0.291
    0.787    0.792    0.782    0.828    0.715    0.621    0.388    0.330    0.309    0.304    0.297
    0.811    0.816    0.798    0.817    0.704    0.626    0.397    0.349    0.336    0.325    0.311
    0.842    0.843    0.819    0.821    0.698    0.626    0.403    0.365    0.350    0.356    0.343
    0.867    0.863    0.833    0.810    0.696    0.636    0.412    0.376    0.369    0.374    0.353
    0.868    0.862    0.816    0.802    0.698    0.644    0.421    0.390    0.387    0.386    0.375
 CLNR                
 $DEFLCT DELTA1=0.,0.,0.,0.,$                                                   
                      
   -2.737   -2.792   -2.900   -3.455   -2.823   -2.371   -1.440   -1.189   -1.088   -1.046   -1.038
   -2.726   -2.781   -2.887   -3.431   -2.812   -2.363   -1.440   -1.190   -1.093   -1.052   -1.054
   -2.701   -2.755   -2.852   -3.365   -2.782   -2.353   -1.448   -1.207   -1.117   -1.081   -1.042
   -2.761   -2.814   -2.873   -3.288   -2.730   -2.363   -1.482   -1.279   -1.207   -1.183   -1.110
   -2.751   -2.802   -2.836   -3.188   -2.665   -2.320   -1.470   -1.284   -1.223   -1.206   -1.147
   -2.857   -2.912   -2.904   -3.169   -2.643   -2.322   -1.487   -1.315   -1.265   -1.224   -1.205
   -3.011   -3.065   -3.010   -3.188   -2.631   -2.327   -1.527   -1.372   -1.324   -1.238   -1.230
 CLNR                
 $DEFLCT DELTA1=5.,5.,5.,5.,$                                                   
                      
   -2.768   -2.824   -2.930   -3.484   -2.832   -2.376   -1.443   -1.193   -1.092   -1.051   -1.045
   -2.757   -2.813   -2.917   -3.460   -2.817   -2.369   -1.443   -1.195   -1.098   -1.058   -1.056
   -2.743   -2.798   -2.892   -3.407   -2.785   -2.360   -1.452   -1.213   -1.124   -1.089   -1.047
   -2.787   -2.840   -2.901   -3.332   -2.731   -2.371   -1.487   -1.285   -1.212   -1.186   -1.115
   -2.818   -2.869   -2.911   -3.325   -2.679   -2.338   -1.485   -1.304   -1.248   -1.229   -1.163
   -2.895   -2.947   -2.950   -3.306   -2.661   -2.354   -1.509   -1.343   -1.299   -1.266   -1.209
   -2.999   -3.048   -2.991   -3.246   -2.658   -2.365   -1.546   -1.400   -1.363   -1.294   -1.258
 CLNR                
 $DEFLCT DELTA1=10.,10.,10.,10.,$                                               
                      
   -2.848   -2.906   -3.007   -3.560   -2.839   -2.391   -1.454   -1.203   -1.106   -1.067   -1.064
   -2.834   -2.893   -2.991   -3.526   -2.825   -2.383   -1.453   -1.205   -1.109   -1.068   -1.057
   -2.790   -2.846   -2.938   -3.435   -2.792   -2.373   -1.460   -1.223   -1.136   -1.097   -1.061
   -2.810   -2.860   -2.923   -3.374   -2.735   -2.381   -1.494   -1.293   -1.222   -1.196   -1.123
   -2.879   -2.928   -2.976   -3.386   -2.690   -2.361   -1.503   -1.330   -1.280   -1.266   -1.206
   -2.930   -2.974   -2.994   -3.361   -2.674   -2.388   -1.532   -1.379   -1.338   -1.327   -1.258
   -3.010   -3.053   -3.003   -3.307   -2.676   -2.407   -1.569   -1.433   -1.406   -1.362   -1.325
 CLNR                
 $DEFLCT DELTA1=15.,15.,15.,15.,$                                               
                      
   -2.948   -3.012   -3.111   -3.638   -2.845   -2.415   -1.474   -1.223   -1.130   -1.075   -1.083
   -2.902   -2.961   -3.061   -3.592   -2.830   -2.407   -1.470   -1.225   -1.132   -1.087   -1.065
   -2.813   -2.865   -2.958   -3.452   -2.798   -2.388   -1.470   -1.241   -1.157   -1.124   -1.097
   -2.835   -2.883   -2.948   -3.398   -2.740   -2.393   -1.504   -1.302   -1.228   -1.214   -1.137
   -2.922   -2.977   -3.032   -3.380   -2.702   -2.390   -1.524   -1.358   -1.314   -1.324   -1.261
   -2.962   -3.018   -3.059   -3.327   -2.688   -2.427   -1.559   -1.412   -1.384   -1.396   -1.302
   -2.980   -3.027   -2.997   -3.287   -2.690   -2.455   -1.596   -1.470   -1.458   -1.443   -1.393
 CLLR                
 $DEFLCT DELTA1=0.,0.,0.,0.,$                                                   
                      
    0.000    0.000    0.000    0.000    0.000    0.000    0.000    0.000    0.000    0.000    0.000
    0.004    0.005    0.005    0.006    0.002    0.001    0.001    0.000    0.000    0.000    0.000
    0.012    0.012    0.013    0.015    0.005    0.003    0.002    0.001    0.001    0.001    0.001
    0.014    0.013    0.015    0.020    0.008    0.003   -0.001   -0.003   -0.004   -0.005   -0.005
   -0.021   -0.024   -0.021   -0.008    0.001   -0.012   -0.020   -0.029   -0.035   -0.041   -0.037
   -0.032   -0.034   -0.031   -0.017   -0.003   -0.019   -0.033   -0.049   -0.061   -0.062   -0.062
   -0.025   -0.025   -0.020   -0.011   -0.002   -0.020   -0.044   -0.064   -0.077   -0.068   -0.072
 CLLR                
 $DEFLCT DELTA1=5.,5.,5.,5.,$                                                   
                      
    0.028    0.032    0.033    0.028    0.000    0.004    0.004    0.005    0.005    0.005    0.006
    0.030    0.034    0.036    0.032    0.002    0.005    0.005    0.005    0.006    0.006    0.005
    0.030    0.033    0.035    0.035    0.006    0.006    0.005    0.005    0.005    0.005    0.002
    0.015    0.015    0.017    0.022    0.008    0.005    0.001   -0.001   -0.001   -0.002   -0.002
   -0.015   -0.018   -0.013    0.004    0.001   -0.009   -0.016   -0.023   -0.028   -0.032   -0.031
   -0.030   -0.033   -0.028   -0.005   -0.003   -0.017   -0.029   -0.043   -0.052   -0.057   -0.054
   -0.028   -0.029   -0.026   -0.008   -0.003   -0.020   -0.040   -0.058   -0.071   -0.064   -0.072
 CLLR                
 $DEFLCT DELTA1=10.,10.,10.,10.,$                                               
                      
    0.047    0.052    0.052    0.032    0.001    0.007    0.010    0.012    0.013    0.014    0.015
    0.049    0.055    0.055    0.037    0.003    0.008    0.010    0.012    0.013    0.015    0.012
    0.046    0.052    0.054    0.044    0.006    0.010    0.010    0.010    0.011    0.010    0.006
    0.013    0.013    0.016    0.023    0.008    0.008    0.004    0.002    0.002    0.002    0.001
   -0.012   -0.014   -0.008    0.008    0.002   -0.006   -0.012   -0.016   -0.019   -0.021   -0.017
   -0.028   -0.031   -0.024   -0.001   -0.002   -0.014   -0.024   -0.035   -0.043   -0.045   -0.038
   -0.028   -0.031   -0.027   -0.003   -0.003   -0.018   -0.035   -0.050   -0.061   -0.058   -0.062
 CLLR                
 $DEFLCT DELTA1=15.,15.,15.,15.,$                                               
                      
    0.052    0.058    0.055    0.015    0.002    0.011    0.016    0.021    0.024    0.024    0.026
    0.055    0.061    0.059    0.023    0.004    0.013    0.016    0.021    0.025    0.026    0.024
    0.054    0.060    0.061    0.037    0.006    0.014    0.015    0.019    0.021    0.021    0.013
    0.011    0.011    0.014    0.022    0.009    0.010    0.006    0.006    0.006    0.009    0.008
   -0.009   -0.010   -0.003    0.004    0.002   -0.001   -0.007   -0.009   -0.009   -0.005    0.000
   -0.026   -0.028   -0.018   -0.007   -0.001   -0.009   -0.018   -0.026   -0.030   -0.029   -0.020
   -0.033   -0.036   -0.031   -0.006   -0.003   -0.015   -0.029   -0.041   -0.050   -0.047   -0.048
 CYP                 
 $DEFLCT DELTA1=0.,0.,0.,0.,$                                                   
                      
    0.000    0.000    0.000    0.000    0.000    0.000    0.000    0.000    0.000    0.000    0.000
    0.001    0.001    0.001    0.002    0.001    0.001    0.000    0.000    0.000    0.000    0.000
    0.007    0.007    0.008    0.010    0.004    0.003    0.001    0.001    0.001    0.001    0.001
    0.020    0.021    0.021    0.025    0.009    0.006    0.003    0.003    0.003    0.003    0.003
    0.032    0.031    0.033    0.040    0.017    0.014    0.009    0.009    0.010    0.008    0.010
    0.022    0.020    0.021    0.035    0.018    0.018    0.013    0.015    0.015    0.014    0.009
    0.007    0.004    0.006    0.021    0.014    0.017    0.013    0.017    0.019    0.018    0.018
 CYP                 
 $DEFLCT DELTA1=5.,5.,5.,5.,$                                                   
                      
    0.000    0.000    0.000    0.000    0.000    0.000    0.000    0.000    0.000    0.000    0.000
    0.001    0.001    0.002    0.002    0.001    0.001    0.000    0.000    0.000    0.000    0.000
    0.007    0.007    0.007    0.010    0.004    0.003    0.001    0.001    0.001    0.001    0.001
    0.018    0.018    0.019    0.024    0.009    0.006    0.003    0.003    0.003    0.003    0.003
    0.031    0.031    0.032    0.038    0.016    0.014    0.008    0.009    0.010    0.010    0.011
    0.028    0.028    0.031    0.040    0.017    0.015    0.011    0.013    0.012    0.016    0.008
    0.008    0.012    0.017    0.027    0.014    0.017    0.013    0.014    0.016    0.016    0.014
 CYP                 
 $DEFLCT DELTA1=10.,10.,10.,10.,$                                               
                      
    0.000    0.000    0.000    0.000    0.000    0.000    0.000    0.000    0.000    0.000    0.000
    0.002    0.002    0.002    0.003    0.001    0.001    0.000    0.000    0.000    0.000    0.000
    0.006    0.006    0.007    0.010    0.004    0.003    0.001    0.001    0.001    0.001    0.002
    0.016    0.016    0.017    0.022    0.009    0.006    0.003    0.003    0.003    0.003    0.003
    0.031    0.031    0.032    0.038    0.015    0.013    0.008    0.008    0.007    0.010    0.009
    0.023    0.028    0.033    0.037    0.016    0.016    0.011    0.011    0.015    0.013    0.006
    0.013    0.019    0.023    0.030    0.013    0.018    0.013    0.015    0.019    0.015    0.014
 CYP                 
 $DEFLCT DELTA1=15.,15.,15.,15.,$                                               
                      
    0.000    0.000    0.000    0.000    0.000    0.000    0.000    0.000    0.000    0.000    0.000
    0.002    0.002    0.002    0.003    0.001    0.001    0.000    0.000    0.000    0.000    0.000
    0.005    0.005    0.006    0.010    0.004    0.002    0.001    0.001    0.001    0.001    0.002
    0.016    0.016    0.017    0.021    0.009    0.006    0.003    0.003    0.003    0.004    0.003
    0.023    0.026    0.028    0.034    0.014    0.013    0.008    0.008    0.010    0.008    0.008
    0.025    0.029    0.032    0.038    0.013    0.016    0.011    0.013    0.011    0.011    0.007
    0.030    0.032    0.033    0.030    0.012    0.017    0.013    0.015    0.012    0.014    0.012
 CLNP                
 $DEFLCT DELTA1=0.,0.,0.,0.,$                                                   
                      
    0.000    0.000    0.000    0.000    0.000    0.000    0.000    0.000    0.000    0.000    0.000
   -0.005   -0.005   -0.005   -0.008   -0.003   -0.002   -0.001   -0.001    0.000    0.000    0.000
   -0.027   -0.028   -0.029   -0.040   -0.016   -0.011   -0.004   -0.003   -0.003   -0.003   -0.003
   -0.077   -0.078   -0.081   -0.095   -0.036   -0.023   -0.011   -0.011   -0.010   -0.011   -0.010
   -0.135   -0.137   -0.140   -0.164   -0.068   -0.054   -0.034   -0.035   -0.037   -0.037   -0.037
   -0.129   -0.128   -0.136   -0.171   -0.077   -0.068   -0.045   -0.050   -0.052   -0.053   -0.027
   -0.087   -0.083   -0.095   -0.138   -0.069   -0.071   -0.050   -0.057   -0.061   -0.061   -0.052
 CLNP                
 $DEFLCT DELTA1=5.,5.,5.,5.,$                                                   
                      
    0.000    0.000    0.000    0.000    0.000    0.000    0.000    0.000    0.000    0.000    0.000
   -0.005   -0.005   -0.006   -0.009   -0.003   -0.002   -0.001   -0.001    0.000    0.000    0.000
   -0.026   -0.026   -0.028   -0.038   -0.016   -0.011   -0.005   -0.004   -0.004   -0.004   -0.004
   -0.070   -0.071   -0.075   -0.092   -0.035   -0.023   -0.012   -0.012   -0.011   -0.009   -0.010
   -0.125   -0.126   -0.128   -0.154   -0.066   -0.054   -0.034   -0.035   -0.037   -0.038   -0.041
   -0.128   -0.128   -0.136   -0.170   -0.075   -0.065   -0.044   -0.049   -0.050   -0.053   -0.024
   -0.084   -0.087   -0.101   -0.139   -0.067   -0.071   -0.049   -0.056   -0.060   -0.060   -0.051
 CLNP                
 $DEFLCT DELTA1=10.,10.,10.,10.,$                                               
                      
    0.000    0.000    0.000    0.000    0.000    0.000    0.000    0.000    0.000    0.000    0.000
   -0.006   -0.006   -0.007   -0.010   -0.004   -0.002   -0.001   -0.001   -0.001    0.000    0.000
   -0.022   -0.022   -0.025   -0.039   -0.016   -0.011   -0.005   -0.004   -0.004   -0.004   -0.007
   -0.062   -0.062   -0.067   -0.086   -0.035   -0.023   -0.012   -0.013   -0.013   -0.012   -0.013
   -0.113   -0.112   -0.115   -0.146   -0.061   -0.049   -0.033   -0.033   -0.033   -0.038   -0.039
   -0.116   -0.121   -0.133   -0.159   -0.069   -0.063   -0.043   -0.047   -0.049   -0.051   -0.026
   -0.087   -0.098   -0.113   -0.138   -0.062   -0.068   -0.048   -0.054   -0.058   -0.059   -0.054
 CLNP                
 $DEFLCT DELTA1=15.,15.,15.,15.,$                                               
                      
    0.000    0.000    0.000    0.000    0.000    0.000    0.000    0.000    0.000    0.000    0.000
   -0.007   -0.007   -0.008   -0.011   -0.004   -0.003   -0.001   -0.001   -0.001    0.000    0.000
   -0.018   -0.018   -0.024   -0.039   -0.016   -0.010   -0.005   -0.005   -0.005   -0.005   -0.009
   -0.058   -0.058   -0.064   -0.082   -0.035   -0.022   -0.013   -0.012   -0.011   -0.015   -0.014
   -0.103   -0.109   -0.113   -0.132   -0.057   -0.050   -0.032   -0.031   -0.037   -0.035   -0.031
   -0.097   -0.112   -0.127   -0.152   -0.063   -0.062   -0.042   -0.045   -0.046   -0.047   -0.029
   -0.083   -0.098   -0.113   -0.128   -0.059   -0.068   -0.048   -0.052   -0.055   -0.056   -0.048
 CLLP                
 $DEFLCT DELTA1=0.,0.,0.,0.,$                                                   
                      
   -0.055   -0.055   -0.056   -0.057   -0.052   -0.044   -0.030   -0.021   -0.016   -0.013   -0.010
   -0.057   -0.057   -0.057   -0.059   -0.053   -0.044   -0.030   -0.022   -0.017   -0.014   -0.011
   -0.064   -0.064   -0.064   -0.066   -0.056   -0.046   -0.032   -0.024   -0.020   -0.017   -0.014
   -0.077   -0.078   -0.078   -0.079   -0.061   -0.050   -0.036   -0.031   -0.027   -0.024   -0.022
   -0.069   -0.069   -0.068   -0.066   -0.054   -0.047   -0.037   -0.032   -0.029   -0.026   -0.024
   -0.068   -0.069   -0.066   -0.060   -0.051   -0.047   -0.038   -0.034   -0.032   -0.030   -0.022
   -0.072   -0.074   -0.069   -0.060   -0.051   -0.048   -0.040   -0.037   -0.036   -0.034   -0.030
 CLLP                
 $DEFLCT DELTA1=5.,5.,5.,5.,$                                                   
                      
   -0.057   -0.056   -0.057   -0.057   -0.052   -0.044   -0.030   -0.022   -0.017   -0.014   -0.011
   -0.058   -0.058   -0.058   -0.059   -0.053   -0.045   -0.031   -0.023   -0.018   -0.015   -0.012
   -0.064   -0.063   -0.063   -0.066   -0.056   -0.047   -0.033   -0.025   -0.020   -0.018   -0.015
   -0.076   -0.076   -0.077   -0.079   -0.061   -0.050   -0.037   -0.031   -0.028   -0.023   -0.023
   -0.069   -0.069   -0.068   -0.066   -0.054   -0.047   -0.037   -0.032   -0.029   -0.027   -0.025
   -0.067   -0.068   -0.065   -0.059   -0.051   -0.047   -0.038   -0.034   -0.031   -0.030   -0.021
   -0.072   -0.073   -0.068   -0.059   -0.051   -0.048   -0.040   -0.037   -0.035   -0.034   -0.029
 CLLP                
 $DEFLCT DELTA1=10.,10.,10.,10.,$                                               
                      
   -0.058   -0.058   -0.057   -0.056   -0.052   -0.044   -0.031   -0.024   -0.019   -0.017   -0.013
   -0.060   -0.059   -0.059   -0.058   -0.053   -0.045   -0.032   -0.024   -0.020   -0.016   -0.014
   -0.063   -0.063   -0.064   -0.066   -0.056   -0.047   -0.034   -0.026   -0.022   -0.018   -0.017
   -0.074   -0.074   -0.074   -0.076   -0.060   -0.050   -0.037   -0.032   -0.030   -0.025   -0.024
   -0.068   -0.069   -0.068   -0.065   -0.054   -0.047   -0.037   -0.032   -0.028   -0.028   -0.025
   -0.068   -0.068   -0.064   -0.058   -0.051   -0.047   -0.038   -0.034   -0.032   -0.030   -0.023
   -0.072   -0.071   -0.066   -0.058   -0.051   -0.048   -0.040   -0.037   -0.036   -0.035   -0.031
 CLLP                
 $DEFLCT DELTA1=15.,15.,15.,15.,$                                               
                      
   -0.060   -0.060   -0.058   -0.056   -0.052   -0.044   -0.033   -0.026   -0.022   -0.017   -0.017
   -0.061   -0.062   -0.060   -0.058   -0.052   -0.045   -0.033   -0.026   -0.022   -0.018   -0.017
   -0.064   -0.065   -0.065   -0.066   -0.055   -0.047   -0.034   -0.028   -0.025   -0.022   -0.021
   -0.072   -0.072   -0.072   -0.076   -0.059   -0.050   -0.038   -0.032   -0.027   -0.028   -0.023
   -0.067   -0.067   -0.067   -0.064   -0.053   -0.047   -0.037   -0.032   -0.031   -0.028   -0.025
   -0.069   -0.068   -0.064   -0.056   -0.050   -0.047   -0.038   -0.035   -0.033   -0.031   -0.026
   -0.072   -0.071   -0.065   -0.056   -0.050   -0.048   -0.040   -0.038   -0.037   -0.036   -0.033
